%  columns="iteration, evaluation, min max(neg(.)) min(pos(.)) max correlation, correlation matrix principle axes lengths  (sorted square roots of eigenvalues of correlation matrix)", seed=342690, Mon Feb 27 12:00:26 2017
0 1 0.0 0 0 0.0 1 1 1 1 1 1 1 1 1 1 1 1 1 1 1 1 1 1 1 1 1 1 1 1
1 14 -0.0149811781527 -1.64986946754e-05 3.89190158732e-05 0.0150934574553 1 1 1 1 1 1 1 1 1 1 1 1 1 1 1 1 1 1 1 1 1 1 1 1
2 27 -0.0218986888609 -0.000136159767086 0.000124259982336 0.0196905506182 1 1 1 1 1 1 1 1 1 1 1 1 1 1 1 1 1 1 1 1 1 1 1 1
3 40 -0.0265959540038 -3.76004883348e-05 0.000288700147757 0.0243085395709 1 1 1 1 1 1 1 1 1 1 1 1 1 1 1 1 1 1 1 1 1 1 1 1
4 53 -0.0300876804969 -5.17639771416e-06 4.53312092789e-05 0.0333279394873 0.934505029649 0.961183501493 0.966744447756 0.973075341558 0.978000661617 0.982820024805 0.985349346384 0.988155550459 0.990195583107 0.994554561462 0.997524734593 0.999979722452 1.0009104414 1.00233378169 1.00448226496 1.00788092833 1.00964805157 1.01286618501 1.01696519799 1.0197248999 1.02388413144 1.02763239702 1.04987516194 1.06286285242
5 66 -0.0344879790001 -3.81643607709e-06 0.000239938036324 0.0383755778893 0.934505029649 0.961183501493 0.966744447756 0.973075341558 0.978000661617 0.982820024805 0.985349346384 0.988155550459 0.990195583107 0.994554561462 0.997524734593 0.999979722452 1.0009104414 1.00233378169 1.00448226496 1.00788092833 1.00964805157 1.01286618501 1.01696519799 1.0197248999 1.02388413144 1.02763239702 1.04987516194 1.06286285242
6 79 -0.0369418928355 -5.67665943207e-05 5.73651181533e-05 0.0514018582384 0.929399014815 0.950177060189 0.952925530896 0.960665058604 0.96814306403 0.972517856325 0.979674201272 0.98021339148 0.98343796026 0.991359346694 0.993881757277 0.998869385321 1.00137646756 1.00290873146 1.00840099656 1.00963225708 1.01313553448 1.01795330545 1.02139701551 1.02433024629 1.02657484591 1.04565092457 1.06478621704 1.08732759001
7 92 -0.0541989243223 -0.000118198849561 0.000202426108976 0.0647088311928 0.929399014815 0.950177060189 0.952925530896 0.960665058604 0.96814306403 0.972517856325 0.979674201272 0.98021339148 0.98343796026 0.991359346694 0.993881757277 0.998869385321 1.00137646756 1.00290873146 1.00840099656 1.00963225708 1.01313553448 1.01795330545 1.02139701551 1.02433024629 1.02657484591 1.04565092457 1.06478621704 1.08732759001
8 105 -0.0689491956251 -0.000172965768647 7.2907180016e-05 0.0654293927441 0.920226384595 0.933614057285 0.942175760168 0.94754334142 0.959742101241 0.964442245477 0.96893348697 0.974796295849 0.97835435233 0.985149092103 0.993350037211 0.998382037721 1.00192146926 1.00408990592 1.00675276815 1.0096748085 1.01802702443 1.0226882613 1.03147612618 1.03347128045 1.03729253676 1.04898512762 1.07304596638 1.12134163107
9 118 -0.0801777915012 -7.58188782688e-05 8.87096013906e-05 0.0582632307103 0.920226384595 0.933614057285 0.942175760168 0.94754334142 0.959742101241 0.964442245477 0.96893348697 0.974796295849 0.97835435233 0.985149092103 0.993350037211 0.998382037721 1.00192146926 1.00408990592 1.00675276815 1.0096748085 1.01802702443 1.0226882613 1.03147612618 1.03347128045 1.03729253676 1.04898512762 1.07304596638 1.12134163107
10 131 -0.08451332617 -0.000319185823557 0.000424969033554 0.0599791077203 0.907352801149 0.925187154199 0.933531136583 0.943272074727 0.947826534987 0.959048819687 0.960149146735 0.974602624518 0.978038389245 0.985045103093 0.987625354342 0.993688482861 0.998363589459 0.999982761492 1.00881225079 1.01135065076 1.01565092951 1.02527510818 1.0319240916 1.0395441693 1.04602595507 1.06369048777 1.07622895142 1.1534979647
11 144 -0.0974320093211 -8.23838727617e-07 7.52104947782e-05 0.0653666124268 0.907352801149 0.925187154199 0.933531136583 0.943272074727 0.947826534987 0.959048819687 0.960149146735 0.974602624518 0.978038389245 0.985045103093 0.987625354342 0.993688482861 0.998363589459 0.999982761492 1.00881225079 1.01135065076 1.01565092951 1.02527510818 1.0319240916 1.0395441693 1.04602595507 1.06369048777 1.07622895142 1.1534979647
12 157 -0.102657610234 -0.000206501523319 0.000368978629927 0.068662778895 0.902013345643 0.917544115682 0.920455455197 0.925963010989 0.938078398801 0.950167537732 0.953586028307 0.964672480577 0.978110237825 0.982508670816 0.988074403601 0.994149173368 0.995735605401 0.998726045365 1.01037543296 1.01400545252 1.0187867671 1.02772336828 1.03213873163 1.04163444277 1.04298437095 1.06997994324 1.08153868009 1.20233155037
13 170 -0.0922923121431 -0.000231313616204 0.000196071279808 0.0756753664129 0.902013345643 0.917544115682 0.920455455197 0.925963010989 0.938078398801 0.950167537732 0.953586028307 0.964672480577 0.978110237825 0.982508670816 0.988074403601 0.994149173368 0.995735605401 0.998726045365 1.01037543296 1.01400545252 1.0187867671 1.02772336828 1.03213873163 1.04163444277 1.04298437095 1.06997994324 1.08153868009 1.20233155037
14 183 -0.0879407509504 -0.000221326051302 0.000355855974775 0.0776299446838 0.900829720965 0.903224713774 0.9151959352 0.926211775136 0.93449866588 0.937440014377 0.948899974178 0.957915988028 0.968317648848 0.977084571556 0.987393843046 0.989500803126 0.992958644839 1.00423847414 1.01085592708 1.02090542034 1.02302245866 1.03132926648 1.03334985983 1.04129675426 1.06021539413 1.07057394243 1.08632495191 1.22049137025
15 196 -0.0880250142469 -0.000168610574048 0.000296318146223 0.0814790465462 0.900829720965 0.903224713774 0.9151959352 0.926211775136 0.93449866588 0.937440014377 0.948899974178 0.957915988028 0.968317648848 0.977084571556 0.987393843046 0.989500803126 0.992958644839 1.00423847414 1.01085592708 1.02090542034 1.02302245866 1.03132926648 1.03334985983 1.04129675426 1.06021539413 1.07057394243 1.08632495191 1.22049137025
16 209 -0.086920897158 -0.00078236110789 0.000330495930031 0.082879844966 0.887548032962 0.893325898372 0.907760192904 0.916569785825 0.932007066024 0.937803317566 0.947769804939 0.957252987239 0.971766880973 0.974752970778 0.980451110489 0.987957396486 0.999328052478 1.00907230779 1.01360435015 1.01760896424 1.02466786482 1.0316166282 1.04147570599 1.04463448605 1.06572509044 1.07149522357 1.09077946468 1.22962596211
17 222 -0.0908083034675 -0.000142914900903 0.000314802917049 0.0798619749518 0.887548032962 0.893325898372 0.907760192904 0.916569785825 0.932007066024 0.937803317566 0.947769804939 0.957252987239 0.971766880973 0.974752970778 0.980451110489 0.987957396486 0.999328052478 1.00907230779 1.01360435015 1.01760896424 1.02466786482 1.0316166282 1.04147570599 1.04463448605 1.06572509044 1.07149522357 1.09077946468 1.22962596211
18 235 -0.0967616673341 -0.000359851041975 9.43553471314e-05 0.0832200403207 0.872276257904 0.887219775594 0.899730392139 0.912026956711 0.92378445092 0.934120416937 0.945333921452 0.956801968113 0.969828414241 0.979721941642 0.987969562984 0.992659879566 0.993458658154 1.001670103 1.01183803666 1.01747531551 1.02079571176 1.0325156367 1.04018363057 1.05119502065 1.07452743503 1.07997817901 1.11262743188 1.22895078685
19 248 -0.096047149972 -9.62732371578e-05 0.000135614786837 0.0897315087096 0.872276257904 0.887219775594 0.899730392139 0.912026956711 0.92378445092 0.934120416937 0.945333921452 0.956801968113 0.969828414241 0.979721941642 0.987969562984 0.992659879566 0.993458658154 1.001670103 1.01183803666 1.01747531551 1.02079571176 1.0325156367 1.04018363057 1.05119502065 1.07452743503 1.07997817901 1.11262743188 1.22895078685
20 261 -0.0983478266453 -0.00128765426297 0.00186518934727 0.0883533075998 0.852260514376 0.889058824063 0.897612823017 0.914508436094 0.923320213346 0.932040729791 0.944054634142 0.952660640873 0.96860044939 0.9754376922 0.983823858259 0.98843672489 0.995580435247 1.00148445831 1.01325188188 1.01910934818 1.02761438045 1.03681912984 1.04210606423 1.05634530811 1.07488418597 1.07901206125 1.11803304763 1.23478618746
21 274 -0.0917665542383 -0.000238576683377 0.000426696631974 0.0920895908076 0.852260514376 0.889058824063 0.897612823017 0.914508436094 0.923320213346 0.932040729791 0.944054634142 0.952660640873 0.96860044939 0.9754376922 0.983823858259 0.98843672489 0.995580435247 1.00148445831 1.01325188188 1.01910934818 1.02761438045 1.03681912984 1.04210606423 1.05634530811 1.07488418597 1.07901206125 1.11803304763 1.23478618746
22 287 -0.0932620817049 -0.000722317576949 0.000819015812961 0.0985726190974 0.850738679985 0.881966433305 0.895178275231 0.905629949338 0.911567011773 0.923077961145 0.93769910005 0.949893474334 0.959857708997 0.969569180285 0.984430945807 0.99166132135 0.993728062832 1.00835767975 1.01818005474 1.02876485228 1.03306756835 1.04088326838 1.0481360118 1.06244971104 1.07762905988 1.08424401949 1.12640984539 1.23098530271
23 300 -0.0930045534315 -6.7161555015e-05 7.80573274225e-05 0.0940698875421 0.850738679985 0.881966433305 0.895178275231 0.905629949338 0.911567011773 0.923077961145 0.93769910005 0.949893474334 0.959857708997 0.969569180285 0.984430945807 0.99166132135 0.993728062832 1.00835767975 1.01818005474 1.02876485228 1.03306756835 1.04088326838 1.0481360118 1.06244971104 1.07762905988 1.08424401949 1.12640984539 1.23098530271
24 313 -0.0957366332666 -3.31384211838e-05 0.000144155456688 0.101181574066 0.847440370718 0.867185638368 0.889735961673 0.900935553278 0.905760777308 0.914901208343 0.930295322199 0.945408003519 0.956175364916 0.962970966311 0.9865908419 0.989777767537 0.994545553559 1.0107752281 1.01238147109 1.02660174025 1.0335411046 1.04577357212 1.05456938028 1.07914969902 1.08125870204 1.09267488443 1.13225227891 1.24178157749
25 326 -0.0979291676348 -0.000170257694458 0.000514200729266 0.0955836221454 0.847440370718 0.867185638368 0.889735961673 0.900935553278 0.905760777308 0.914901208343 0.930295322199 0.945408003519 0.956175364916 0.962970966311 0.9865908419 0.989777767537 0.994545553559 1.0107752281 1.01238147109 1.02660174025 1.0335411046 1.04577357212 1.05456938028 1.07914969902 1.08125870204 1.09267488443 1.13225227891 1.24178157749
26 339 -0.0989759629052 -0.000922044393909 0.000203377982643 0.0924029044184 0.842096546091 0.86594076001 0.878526298074 0.899041666042 0.901150283337 0.911359912446 0.92727282845 0.940574842302 0.95514674169 0.959967240551 0.981387165871 0.992809144604 0.995183161787 1.00200813873 1.01862713273 1.02174258695 1.03744205679 1.04973346737 1.05529869901 1.08392045414 1.0870701278 1.11666167208 1.12898391708 1.24303826105
27 352 -0.109470676374 -0.000491615557998 0.00100037864926 0.0988371771906 0.842096546091 0.86594076001 0.878526298074 0.899041666042 0.901150283337 0.911359912446 0.92727282845 0.940574842302 0.95514674169 0.959967240551 0.981387165871 0.992809144604 0.995183161787 1.00200813873 1.01862713273 1.02174258695 1.03744205679 1.04973346737 1.05529869901 1.08392045414 1.0870701278 1.11666167208 1.12898391708 1.24303826105
28 365 -0.112761748396 -0.000210089677068 0.000810988450761 0.101644042055 0.83170046748 0.86474720014 0.876550142197 0.884393221793 0.897334322384 0.91225716565 0.922484438527 0.937287992534 0.945520418407 0.953754891826 0.98142269765 0.987599962759 0.999974928258 1.00485409221 1.02209565305 1.03002388459 1.03208340739 1.05101399373 1.06173444098 1.07731318803 1.0875596733 1.12799201052 1.14341577713 1.25112469481
29 378 -0.112476678404 -6.37121175182e-05 4.68555704364e-05 0.101692357442 0.83170046748 0.86474720014 0.876550142197 0.884393221793 0.897334322384 0.91225716565 0.922484438527 0.937287992534 0.945520418407 0.953754891826 0.98142269765 0.987599962759 0.999974928258 1.00485409221 1.02209565305 1.03002388459 1.03208340739 1.05101399373 1.06173444098 1.07731318803 1.0875596733 1.12799201052 1.14341577713 1.25112469481
30 391 -0.110042960069 -0.00109675271888 0.000385845469922 0.104252188766 0.830869586265 0.85748051934 0.86575671895 0.883181283068 0.893715381173 0.912157988201 0.917816574355 0.93110687642 0.942902796561 0.950881820389 0.98220532728 0.99446375518 1.00072749002 1.00438541917 1.02145174935 1.03357425241 1.04117846227 1.04757683164 1.06764739284 1.07703323704 1.09648122538 1.1201263313 1.15795155939 1.24770699016
31 404 -0.119587294253 -0.000426004107297 0.00120970036499 0.10448124539 0.830869586265 0.85748051934 0.86575671895 0.883181283068 0.893715381173 0.912157988201 0.917816574355 0.93110687642 0.942902796561 0.950881820389 0.98220532728 0.99446375518 1.00072749002 1.00438541917 1.02145174935 1.03357425241 1.04117846227 1.04757683164 1.06764739284 1.07703323704 1.09648122538 1.1201263313 1.15795155939 1.24770699016
32 417 -0.114923479918 -0.000693009260013 0.000144792643662 0.113819932405 0.818378252768 0.845178820631 0.856593120967 0.861843354773 0.889335607937 0.899465550432 0.923193400233 0.927882468062 0.942434245708 0.949173340003 0.982540462572 0.995571217425 1.00062093121 1.01781206115 1.02287042559 1.02874227834 1.04483473338 1.05191472227 1.07229114948 1.07916166916 1.1025307951 1.13264691249 1.1760548448 1.24282221368
33 430 -0.121054366964 -0.00171544063153 0.00118122546727 0.122342075801 0.818378252768 0.845178820631 0.856593120967 0.861843354773 0.889335607937 0.899465550432 0.923193400233 0.927882468062 0.942434245708 0.949173340003 0.982540462572 0.995571217425 1.00062093121 1.01781206115 1.02287042559 1.02874227834 1.04483473338 1.05191472227 1.07229114948 1.07916166916 1.1025307951 1.13264691249 1.1760548448 1.24282221368
34 443 -0.133024152739 -0.000584152670717 0.000343069259059 0.131774573929 0.813038687139 0.833105810627 0.850395012379 0.861139155955 0.890752858334 0.898819817251 0.916740861076 0.927308100383 0.941895888232 0.947269810771 0.977310857912 0.996819334306 0.999679975419 1.01683399849 1.02348871807 1.0275812475 1.04769632574 1.05632626571 1.07101430507 1.08035050893 1.10561717382 1.13402823054 1.17875763095 1.25813394522
35 456 -0.133239514503 -0.00069801733791 0.000184558646262 0.125757335714 0.813038687139 0.833105810627 0.850395012379 0.861139155955 0.890752858334 0.898819817251 0.916740861076 0.927308100383 0.941895888232 0.947269810771 0.977310857912 0.996819334306 0.999679975419 1.01683399849 1.02348871807 1.0275812475 1.04769632574 1.05632626571 1.07101430507 1.08035050893 1.10561717382 1.13402823054 1.17875763095 1.25813394522
36 469 -0.131797229864 -0.000212518794488 4.24639120997e-05 0.127685218801 0.803718029783 0.828505078219 0.847699852078 0.862546066234 0.884262071663 0.897066756349 0.912487015702 0.920587842799 0.939237674978 0.951906343736 0.978899718907 0.992054419443 1.00411335744 1.0156631694 1.02745233137 1.03942089044 1.04447385806 1.06183073509 1.0753394899 1.08652862161 1.10916564834 1.13535553764 1.17881676996 1.2519963501
37 482 -0.128056161771 -4.34939838135e-05 0.000109221688909 0.129291786422 0.803718029783 0.828505078219 0.847699852078 0.862546066234 0.884262071663 0.897066756349 0.912487015702 0.920587842799 0.939237674978 0.951906343736 0.978899718907 0.992054419443 1.00411335744 1.0156631694 1.02745233137 1.03942089044 1.04447385806 1.06183073509 1.0753394899 1.08652862161 1.10916564834 1.13535553764 1.17881676996 1.2519963501
38 495 -0.129025729749 -0.000429886995096 0.000410298047709 0.128543374134 0.791846828877 0.828366824567 0.846670546397 0.860156543921 0.87547042204 0.898537595116 0.904958590851 0.909028443701 0.94376058558 0.956025106176 0.983885052074 0.995298597748 1.00804263764 1.01886429612 1.02620077684 1.04062907027 1.05009821162 1.06421393843 1.07433607724 1.08806334202 1.10357386349 1.14196709389 1.17331715205 1.25914358505
39 508 -0.132966444811 -0.000193536259824 7.23034240479e-06 0.136089998899 0.791846828877 0.828366824567 0.846670546397 0.860156543921 0.87547042204 0.898537595116 0.904958590851 0.909028443701 0.94376058558 0.956025106176 0.983885052074 0.995298597748 1.00804263764 1.01886429612 1.02620077684 1.04062907027 1.05009821162 1.06421393843 1.07433607724 1.08806334202 1.10357386349 1.14196709389 1.17331715205 1.25914358505
40 521 -0.137171077082 -0.000390623664031 1.44512192825e-05 0.140415953067 0.782908758708 0.828420846067 0.838454110774 0.859832391925 0.875003367447 0.891200726475 0.896479295112 0.907903638888 0.947007543947 0.961213842271 0.986817960464 0.994124120538 1.00352318977 1.01390188138 1.02781660782 1.0407640944 1.05824644685 1.06235121533 1.07057591994 1.08949842069 1.11139644633 1.15483810184 1.1713990782 1.26114127618
41 534 -0.138606676215 -0.000695263173008 0.000929637151234 0.139065587713 0.782908758708 0.828420846067 0.838454110774 0.859832391925 0.875003367447 0.891200726475 0.896479295112 0.907903638888 0.947007543947 0.961213842271 0.986817960464 0.994124120538 1.00352318977 1.01390188138 1.02781660782 1.0407640944 1.05824644685 1.06235121533 1.07057591994 1.08949842069 1.11139644633 1.15483810184 1.1713990782 1.26114127618
42 547 -0.134939056146 -0.000301803298343 1.40972288318e-05 0.145835792411 0.782397653018 0.827406983298 0.837346312952 0.842974055255 0.869398588164 0.881024921976 0.897859088877 0.906254188072 0.940187174377 0.954538764697 0.984824699161 0.993349037919 1.00070489142 1.00710620948 1.02895121003 1.03612149715 1.06370542005 1.07139845284 1.0867480418 1.09077246163 1.1247718456 1.16189481646 1.17246817218 1.26188301173
43 560 -0.129642619571 -0.000137816735556 0.000669832086241 0.15773206055 0.782397653018 0.827406983298 0.837346312952 0.842974055255 0.869398588164 0.881024921976 0.897859088877 0.906254188072 0.940187174377 0.954538764697 0.984824699161 0.993349037919 1.00070489142 1.00710620948 1.02895121003 1.03612149715 1.06370542005 1.07139845284 1.0867480418 1.09077246163 1.1247718456 1.16189481646 1.17246817218 1.26188301173
44 573 -0.127316102473 -0.0011623651975 0.000205711399167 0.165651735548 0.781778209935 0.823679838201 0.836027404592 0.84652325324 0.863094794607 0.872863970901 0.896694610729 0.902202678247 0.937071408678 0.950018036976 0.978045123379 0.988194332135 1.00103537656 1.00228572156 1.03228027969 1.05262658669 1.0602734544 1.07397304084 1.07763358664 1.09485675991 1.13393599904 1.167651705 1.17638483692 1.26698803618
45 586 -0.134006661202 -0.00084689250454 0.000405899241878 0.165829852046 0.781778209935 0.823679838201 0.836027404592 0.84652325324 0.863094794607 0.872863970901 0.896694610729 0.902202678247 0.937071408678 0.950018036976 0.978045123379 0.988194332135 1.00103537656 1.00228572156 1.03228027969 1.05262658669 1.0602734544 1.07397304084 1.07763358664 1.09485675991 1.13393599904 1.167651705 1.17638483692 1.26698803618
46 599 -0.136964654322 -0.000462042517958 0.0013448833952 0.165473188418 0.784322246572 0.820197642833 0.836824195076 0.848597683184 0.860966626558 0.873568163109 0.886559738948 0.89231725768 0.93128627635 0.949590969218 0.969597850013 0.984188144775 0.996203928339 1.00581754703 1.02983161372 1.05049736204 1.06424649545 1.07077317725 1.07721633468 1.1080757906 1.13368578948 1.16823605832 1.19092647017 1.27414224107
47 612 -0.133500520284 -0.000265152465082 0.00112179908106 0.158874683868 0.784322246572 0.820197642833 0.836824195076 0.848597683184 0.860966626558 0.873568163109 0.886559738948 0.89231725768 0.93128627635 0.949590969218 0.969597850013 0.984188144775 0.996203928339 1.00581754703 1.02983161372 1.05049736204 1.06424649545 1.07077317725 1.07721633468 1.1080757906 1.13368578948 1.16823605832 1.19092647017 1.27414224107
48 625 -0.133692899831 -0.000369337043632 0.000240138048189 0.166474053189 0.781633647227 0.817969737037 0.834911966561 0.843945830783 0.872558630163 0.880243095525 0.887635333659 0.891718806494 0.942084559992 0.95065032305 0.960490441783 0.9818808694 0.984141250609 1.00381718628 1.03368465197 1.05223100974 1.06894491576 1.07801968032 1.08044895258 1.12096180985 1.12576196955 1.15923798144 1.192314003 1.26497341733
49 638 -0.129696692728 -0.000322639427984 0.000367329481957 0.163884503248 0.781633647227 0.817969737037 0.834911966561 0.843945830783 0.872558630163 0.880243095525 0.887635333659 0.891718806494 0.942084559992 0.95065032305 0.960490441783 0.9818808694 0.984141250609 1.00381718628 1.03368465197 1.05223100974 1.06894491576 1.07801968032 1.08044895258 1.12096180985 1.12576196955 1.15923798144 1.192314003 1.26497341733
50 651 -0.12891362941 -0.00047169118643 0.000492198935733 0.164156916093 0.77225858169 0.818866014512 0.830367003008 0.838761876249 0.8669736194 0.879035185264 0.891105260791 0.895556702061 0.94076872697 0.946614595527 0.960421669222 0.973576098073 0.987658568564 1.01469897958 1.03294417573 1.04620514648 1.06949986747 1.07490107201 1.08857629872 1.12545441442 1.1278442138 1.17439036462 1.18897081399 1.25930737754
51 664 -0.139284119848 -0.000349600676392 0.000192047307029 0.174345537204 0.77225858169 0.818866014512 0.830367003008 0.838761876249 0.8669736194 0.879035185264 0.891105260791 0.895556702061 0.94076872697 0.946614595527 0.960421669222 0.973576098073 0.987658568564 1.01469897958 1.03294417573 1.04620514648 1.06949986747 1.07490107201 1.08857629872 1.12545441442 1.1278442138 1.17439036462 1.18897081399 1.25930737754
52 677 -0.132715002647 -0.000251409135863 1.50988233541e-05 0.184388592658 0.778845843184 0.812947273676 0.831018062582 0.83913383258 0.866362616585 0.875487657572 0.896065844412 0.912077922576 0.945650195478 0.947971442159 0.960484383801 0.972952836235 0.982970376618 1.02400455485 1.0319111555 1.03631148037 1.05974988699 1.07170263005 1.08072457312 1.11871068558 1.12674523341 1.17686579108 1.18470970237 1.27319517299
53 690 -0.131892295625 -0.00107888379199 0.000890666052451 0.196131544946 0.778845843184 0.812947273676 0.831018062582 0.83913383258 0.866362616585 0.875487657572 0.896065844412 0.912077922576 0.945650195478 0.947971442159 0.960484383801 0.972952836235 0.982970376618 1.02400455485 1.0319111555 1.03631148037 1.05974988699 1.07170263005 1.08072457312 1.11871068558 1.12674523341 1.17686579108 1.18470970237 1.27319517299
54 703 -0.129747885191 -0.000344665301921 0.000329943416615 0.189303352471 0.778258405857 0.805275934722 0.822453076835 0.836498709369 0.864041157714 0.877998332193 0.892025889575 0.902996022371 0.936817613931 0.94884677655 0.966960063621 0.973003313843 0.990769129221 1.01867572812 1.03037148234 1.0349692942 1.05073795992 1.07813225466 1.08705344234 1.12239114271 1.13433076655 1.18459595186 1.18756818069 1.27323660349
55 716 -0.131207557838 -0.00071361890355 0.000850188651074 0.190839145604 0.778258405857 0.805275934722 0.822453076835 0.836498709369 0.864041157714 0.877998332193 0.892025889575 0.902996022371 0.936817613931 0.94884677655 0.966960063621 0.973003313843 0.990769129221 1.01867572812 1.03037148234 1.0349692942 1.05073795992 1.07813225466 1.08705344234 1.12239114271 1.13433076655 1.18459595186 1.18756818069 1.27323660349
56 729 -0.132280504122 -0.000977821601135 0.000392325223301 0.187901096197 0.774819373598 0.804663233572 0.822156947498 0.833878453628 0.868123744917 0.878582513463 0.890933832836 0.899840591071 0.941741689328 0.951610502624 0.967643691972 0.983148886282 0.993667951122 1.00596802963 1.00937440736 1.03554334058 1.0440827231 1.08393226835 1.09947937506 1.11910278305 1.13759276594 1.17508369717 1.20898398753 1.26614333763
57 742 -0.12787319633 -0.000674760558415 3.55852155724e-06 0.190188102488 0.774819373598 0.804663233572 0.822156947498 0.833878453628 0.868123744917 0.878582513463 0.890933832836 0.899840591071 0.941741689328 0.951610502624 0.967643691972 0.983148886282 0.993667951122 1.00596802963 1.00937440736 1.03554334058 1.0440827231 1.08393226835 1.09947937506 1.11910278305 1.13759276594 1.17508369717 1.20898398753 1.26614333763
58 755 -0.126872363117 -1.39229978205e-05 0.00044685050867 0.192997609569 0.770807738227 0.803389012437 0.821420653568 0.833053020376 0.856806417039 0.877487288156 0.880838593244 0.890771000253 0.951505991884 0.95659575715 0.973405485645 0.985960103486 1.00028024065 1.00474153834 1.00899830477 1.03307510255 1.04316465309 1.08974189301 1.09815097411 1.12499177813 1.14030468006 1.17993973525 1.2019449815 1.26423999508
59 768 -0.122853441415 -0.000357785734867 0.00082466339472 0.190533077254 0.770807738227 0.803389012437 0.821420653568 0.833053020376 0.856806417039 0.877487288156 0.880838593244 0.890771000253 0.951505991884 0.95659575715 0.973405485645 0.985960103486 1.00028024065 1.00474153834 1.00899830477 1.03307510255 1.04316465309 1.08974189301 1.09815097411 1.12499177813 1.14030468006 1.17993973525 1.2019449815 1.26423999508
60 781 -0.129668906314 -0.000777942104073 0.000902112640646 0.196921037613 0.767745017061 0.795719190497 0.81611715002 0.830983948093 0.852516268175 0.87543479668 0.881847202952 0.890662176864 0.939251633779 0.958690739386 0.972352766649 0.98968038995 0.995493037783 1.00148707906 1.01027975311 1.03525005752 1.04463067529 1.10005972173 1.10320737099 1.12440520815 1.13673503041 1.17868170713 1.2079355119 1.27310662859
61 794 -0.138153519296 -0.00242675480141 8.7696123555e-05 0.195979298762 0.767745017061 0.795719190497 0.81611715002 0.830983948093 0.852516268175 0.87543479668 0.881847202952 0.890662176864 0.939251633779 0.958690739386 0.972352766649 0.98968038995 0.995493037783 1.00148707906 1.01027975311 1.03525005752 1.04463067529 1.10005972173 1.10320737099 1.12440520815 1.13673503041 1.17868170713 1.2079355119 1.27310662859
62 807 -0.13112694733 -0.000166714101052 0.000138656336896 0.193206329249 0.755200769014 0.802171823056 0.818370401435 0.826659463669 0.845617890552 0.867317444963 0.882098127756 0.887440672825 0.928718654335 0.946210689996 0.970045524337 0.984552629901 0.999276760975 1.00264711917 1.01083933166 1.03326767157 1.07161286397 1.0916826037 1.11060173362 1.13175949529 1.13901655403 1.18106071931 1.21523835829 1.27089418163
63 820 -0.133854069033 -0.00232791308568 0.000436605841476 0.197675880302 0.755200769014 0.802171823056 0.818370401435 0.826659463669 0.845617890552 0.867317444963 0.882098127756 0.887440672825 0.928718654335 0.946210689996 0.970045524337 0.984552629901 0.999276760975 1.00264711917 1.01083933166 1.03326767157 1.07161286397 1.0916826037 1.11060173362 1.13175949529 1.13901655403 1.18106071931 1.21523835829 1.27089418163
64 833 -0.132330308661 -0.000395528370676 0.00177572523474 0.206969755059 0.754074594283 0.797398496376 0.81350273683 0.824585402708 0.845696632492 0.863138639309 0.880180626121 0.887612725289 0.918534853932 0.9385623548 0.96042440734 0.982362141399 0.997851940802 1.00016819023 1.0172349514 1.03655196866 1.07164245253 1.10369618817 1.11095293178 1.1322761204 1.14623829308 1.1765428191 1.21674438577 1.28541649234
65 846 -0.129153460054 -0.000146668407822 0.000776650081414 0.210604568079 0.754074594283 0.797398496376 0.81350273683 0.824585402708 0.845696632492 0.863138639309 0.880180626121 0.887612725289 0.918534853932 0.9385623548 0.96042440734 0.982362141399 0.997851940802 1.00016819023 1.0172349514 1.03655196866 1.07164245253 1.10369618817 1.11095293178 1.1322761204 1.14623829308 1.1765428191 1.21674438577 1.28541649234
66 859 -0.144244770001 -0.000932273936285 0.000217571860375 0.215607083189 0.751847087008 0.796108357737 0.817706334178 0.824605237079 0.844516757229 0.862375343868 0.878187214869 0.886037029748 0.912753105726 0.93219311474 0.953988569727 0.980294528112 0.991661959561 1.00544949931 1.01744697207 1.03586830259 1.07564686218 1.09637181719 1.11347107738 1.12908629027 1.15246653753 1.18303248739 1.22879429447 1.28531979242
67 872 -0.148381044617 -0.000829110855072 0.000393469973125 0.21541061278 0.751847087008 0.796108357737 0.817706334178 0.824605237079 0.844516757229 0.862375343868 0.878187214869 0.886037029748 0.912753105726 0.93219311474 0.953988569727 0.980294528112 0.991661959561 1.00544949931 1.01744697207 1.03586830259 1.07564686218 1.09637181719 1.11347107738 1.12908629027 1.15246653753 1.18303248739 1.22879429447 1.28531979242
68 885 -0.151800839321 -9.10992100965e-05 0.000381809895237 0.217585126772 0.752978003915 0.786779062418 0.806485202381 0.829376422599 0.837377817165 0.859803074137 0.874916808192 0.883100030955 0.903723013859 0.931776260135 0.952565680231 0.983503692226 0.990400927901 1.00852473257 1.01724904696 1.03728988789 1.08034537971 1.08980615402 1.11419582185 1.12537077683 1.16140914969 1.18908851281 1.23969832106 1.28809005848
69 898 -0.151889825169 -0.000760895939341 0.000508620643526 0.218871519557 0.752978003915 0.786779062418 0.806485202381 0.829376422599 0.837377817165 0.859803074137 0.874916808192 0.883100030955 0.903723013859 0.931776260135 0.952565680231 0.983503692226 0.990400927901 1.00852473257 1.01724904696 1.03728988789 1.08034537971 1.08980615402 1.11419582185 1.12537077683 1.16140914969 1.18908851281 1.23969832106 1.28809005848
70 911 -0.155497378822 -0.000672242634681 0.00217329147784 0.222183907075 0.75565051127 0.777094399374 0.804264420715 0.819947190737 0.842040420966 0.854777786088 0.860379579406 0.881526754057 0.902797798169 0.920689602645 0.950527749216 0.983717278026 0.989095529528 1.00921499597 1.01363003278 1.04518748742 1.08317965089 1.08528630965 1.10869282149 1.12273768878 1.16020614925 1.19018638453 1.24868985527 1.31743172994
71 924 -0.159046019202 -0.000201549227344 0.00104170905251 0.221782747644 0.75565051127 0.777094399374 0.804264420715 0.819947190737 0.842040420966 0.854777786088 0.860379579406 0.881526754057 0.902797798169 0.920689602645 0.950527749216 0.983717278026 0.989095529528 1.00921499597 1.01363003278 1.04518748742 1.08317965089 1.08528630965 1.10869282149 1.12273768878 1.16020614925 1.19018638453 1.24868985527 1.31743172994
72 937 -0.163977732088 -0.000213950717947 0.00200649987154 0.220659026344 0.750871753221 0.768137859757 0.796056928914 0.804826779422 0.846036304239 0.850752650429 0.858695059152 0.884648118544 0.891072024553 0.914951343626 0.951480580607 0.971790114196 0.983517571821 1.00940852123 1.01622777603 1.05599662762 1.07314529209 1.0913201584 1.11090368028 1.12027669254 1.1620938162 1.19130926618 1.25510301111 1.34669170336
73 950 -0.157328144522 -0.00134060968561 0.000207908310107 0.219863428886 0.750871753221 0.768137859757 0.796056928914 0.804826779422 0.846036304239 0.850752650429 0.858695059152 0.884648118544 0.891072024553 0.914951343626 0.951480580607 0.971790114196 0.983517571821 1.00940852123 1.01622777603 1.05599662762 1.07314529209 1.0913201584 1.11090368028 1.12027669254 1.1620938162 1.19130926618 1.25510301111 1.34669170336
74 963 -0.152258258035 -0.0010778609688 0.0004329744964 0.216458831443 0.741980483605 0.76913702633 0.791243499415 0.811040155147 0.842754227793 0.845448071531 0.860854309943 0.884543988067 0.889389432665 0.909179705479 0.950995051747 0.972504977241 0.984391242004 1.00804087712 1.01744726147 1.05231828975 1.06379942165 1.09888709613 1.10271354941 1.12204918091 1.16522656353 1.18919629387 1.26719262483 1.35576542034
75 976 -0.16039524818 -4.32820651215e-05 9.23295149473e-05 0.211088843728 0.741980483605 0.76913702633 0.791243499415 0.811040155147 0.842754227793 0.845448071531 0.860854309943 0.884543988067 0.889389432665 0.909179705479 0.950995051747 0.972504977241 0.984391242004 1.00804087712 1.01744726147 1.05231828975 1.06379942165 1.09888709613 1.10271354941 1.12204918091 1.16522656353 1.18919629387 1.26719262483 1.35576542034
76 989 -0.159219124213 -0.00222248008567 0.00037974606883 0.209263328695 0.745584162722 0.758737900868 0.785557407682 0.805332315524 0.833826949456 0.84170111205 0.864755559208 0.883147113421 0.894543277443 0.911636633763 0.94573195425 0.965151448843 0.980875548089 1.01023441048 1.02048347313 1.0532302764 1.07869436264 1.09554633126 1.10511444468 1.12698163914 1.16217026426 1.18510578328 1.26820902802 1.36457198167
77 1002 -0.162565733146 -4.53321612413e-05 0.000484161062151 0.204831198514 0.745584162722 0.758737900868 0.785557407682 0.805332315524 0.833826949456 0.84170111205 0.864755559208 0.883147113421 0.894543277443 0.911636633763 0.94573195425 0.965151448843 0.980875548089 1.01023441048 1.02048347313 1.0532302764 1.07869436264 1.09554633126 1.10511444468 1.12698163914 1.16217026426 1.18510578328 1.26820902802 1.36457198167
78 1015 -0.165622157589 -0.000487948182192 0.000423242751868 0.205876230189 0.741047935403 0.750476098879 0.789384937502 0.796726322404 0.82974478316 0.835923738668 0.857433634598 0.878674628166 0.890691295407 0.902300390478 0.940899492122 0.962762603598 0.97548150121 1.00041070097 1.02049336505 1.04505527184 1.07579989581 1.09025304756 1.11324626484 1.13279222251 1.17550620565 1.20803296867 1.28530058167 1.36671995602
79 1028 -0.173981049408 -0.000314276689217 0.000595704914742 0.216549473634 0.741047935403 0.750476098879 0.789384937502 0.796726322404 0.82974478316 0.835923738668 0.857433634598 0.878674628166 0.890691295407 0.902300390478 0.940899492122 0.962762603598 0.97548150121 1.00041070097 1.02049336505 1.04505527184 1.07579989581 1.09025304756 1.11324626484 1.13279222251 1.17550620565 1.20803296867 1.28530058167 1.36671995602
80 1041 -0.180856320106 -0.00017287621468 0.000388984987486 0.222366659242 0.726973795296 0.741389556891 0.784386305198 0.804339471104 0.815900015352 0.822132131934 0.86149555379 0.8727611075 0.89542013239 0.904996352299 0.930825642835 0.961651466553 0.980408891956 0.99953882395 1.01651540697 1.04344961322 1.06679934895 1.10220341198 1.11315808022 1.13754917605 1.17737341921 1.2290951388 1.29148437827 1.36707838575
81 1054 -0.182771261934 -0.000310689013778 0.00144596380018 0.229213976702 0.726973795296 0.741389556891 0.784386305198 0.804339471104 0.815900015352 0.822132131934 0.86149555379 0.8727611075 0.89542013239 0.904996352299 0.930825642835 0.961651466553 0.980408891956 0.99953882395 1.01651540697 1.04344961322 1.06679934895 1.10220341198 1.11315808022 1.13754917605 1.17737341921 1.2290951388 1.29148437827 1.36707838575
82 1067 -0.18655088233 -0.000230566100683 0.00236497725755 0.241610538331 0.719423347972 0.735379413748 0.783484799318 0.810558402055 0.81300540808 0.823095083064 0.85630717844 0.86700005695 0.89792311078 0.900157071624 0.930393067768 0.955922605453 0.986430166434 0.99843533117 1.01606361829 1.05256775471 1.05894644143 1.09129488593 1.10498786657 1.13523538432 1.18297175224 1.23592472918 1.30471360084 1.3747546637
83 1080 -0.181421718894 -0.000234014288372 0.000341338369001 0.247416963877 0.719423347972 0.735379413748 0.783484799318 0.810558402055 0.81300540808 0.823095083064 0.85630717844 0.86700005695 0.89792311078 0.900157071624 0.930393067768 0.955922605453 0.986430166434 0.99843533117 1.01606361829 1.05256775471 1.05894644143 1.09129488593 1.10498786657 1.13523538432 1.18297175224 1.23592472918 1.30471360084 1.3747546637
84 1093 -0.180063985221 -0.000383279695865 3.90476938862e-06 0.248028806315 0.717396061043 0.720306010482 0.785614893349 0.806250791704 0.80874263164 0.818125677897 0.84972848638 0.874949788708 0.900082972512 0.914829228674 0.918558950983 0.956894133969 0.981213840936 1.00473459137 1.02078695579 1.05498372727 1.06340633676 1.09303946564 1.1024624355 1.1268321076 1.17862063464 1.24820617185 1.29797044724 1.38272867921
85 1106 -0.183299314435 -0.000288863555113 0.000352751665797 0.254180033568 0.717396061043 0.720306010482 0.785614893349 0.806250791704 0.80874263164 0.818125677897 0.84972848638 0.874949788708 0.900082972512 0.914829228674 0.918558950983 0.956894133969 0.981213840936 1.00473459137 1.02078695579 1.05498372727 1.06340633676 1.09303946564 1.1024624355 1.1268321076 1.17862063464 1.24820617185 1.29797044724 1.38272867921
86 1119 -0.188450687255 -0.000387575360341 0.000473760364221 0.255842283528 0.70903255203 0.719363283441 0.788944744386 0.809895665491 0.811428152867 0.813142557078 0.846820408481 0.866253183958 0.900145436668 0.914382779069 0.922633437745 0.952081394468 0.970535104021 1.00544236626 1.03135183655 1.0492299855 1.06828335568 1.0851667579 1.09862333489 1.11181353107 1.17967512207 1.25211114928 1.3091958109 1.39910273212
87 1132 -0.183803385564 -8.56804837704e-05 2.7361754921e-05 0.269171733184 0.70903255203 0.719363283441 0.788944744386 0.809895665491 0.811428152867 0.813142557078 0.846820408481 0.866253183958 0.900145436668 0.914382779069 0.922633437745 0.952081394468 0.970535104021 1.00544236626 1.03135183655 1.0492299855 1.06828335568 1.0851667579 1.09862333489 1.11181353107 1.17967512207 1.25211114928 1.3091958109 1.39910273212
88 1145 -0.189579676298 -0.0010194799811 5.51820249119e-05 0.2755765468 0.700380184349 0.71181724329 0.783449740229 0.792838056336 0.808050942753 0.809922301576 0.840670414926 0.863738488649 0.903514038838 0.910374253749 0.927286541535 0.955854913009 0.966520773087 0.999450995346 1.04148816745 1.04736191656 1.06782838729 1.07730682988 1.09612111825 1.11527531158 1.18887190579 1.25639475388 1.31223507051 1.41607434627
89 1158 -0.183272673066 -0.00174771146476 2.68311083073e-05 0.287549805629 0.700380184349 0.71181724329 0.783449740229 0.792838056336 0.808050942753 0.809922301576 0.840670414926 0.863738488649 0.903514038838 0.910374253749 0.927286541535 0.955854913009 0.966520773087 0.999450995346 1.04148816745 1.04736191656 1.06782838729 1.07730682988 1.09612111825 1.11527531158 1.18887190579 1.25639475388 1.31223507051 1.41607434627
90 1171 -0.176168414601 -0.000335194713899 2.99933081903e-05 0.291464805129 0.70069763454 0.71078809038 0.774270362519 0.796242669251 0.800593350891 0.811034126545 0.838618408105 0.858657039804 0.902582437405 0.909281490268 0.925716198023 0.959381879048 0.963016579847 0.992244755945 1.04332284337 1.04728718582 1.06862134469 1.07074677852 1.08630792952 1.11663656411 1.21601162583 1.24864893285 1.31968576391 1.42131644878
91 1184 -0.176586902826 -0.0010169652926 2.85625725069e-05 0.297164556789 0.70069763454 0.71078809038 0.774270362519 0.796242669251 0.800593350891 0.811034126545 0.838618408105 0.858657039804 0.902582437405 0.909281490268 0.925716198023 0.959381879048 0.963016579847 0.992244755945 1.04332284337 1.04728718582 1.06862134469 1.07074677852 1.08630792952 1.11663656411 1.21601162583 1.24864893285 1.31968576391 1.42131644878
92 1197 -0.192053284215 -6.14131650949e-06 0.000467401461233 0.305899796662 0.691358771765 0.71029477122 0.77088600007 0.792036161053 0.80335117748 0.814305091497 0.841308200825 0.85702366223 0.901114128279 0.906618920401 0.919394458812 0.958763826776 0.961297354192 0.987673288999 1.0303612566 1.05647829413 1.05912409733 1.06596513707 1.07750106936 1.12117206956 1.21162025747 1.24327569595 1.32852537045 1.4541333032
93 1210 -0.185662209231 -0.00102364265251 1.23098337905e-05 0.30009544408 0.691358771765 0.71029477122 0.77088600007 0.792036161053 0.80335117748 0.814305091497 0.841308200825 0.85702366223 0.901114128279 0.906618920401 0.919394458812 0.958763826776 0.961297354192 0.987673288999 1.0303612566 1.05647829413 1.05912409733 1.06596513707 1.07750106936 1.12117206956 1.21162025747 1.24327569595 1.32852537045 1.4541333032
94 1223 -0.189270817089 -0.000558203211783 0.000541443646108 0.303929901964 0.684056837572 0.705323012508 0.773041563542 0.794204141161 0.80156920967 0.812445425446 0.838806423981 0.855628959655 0.899265575155 0.910214904257 0.920358871001 0.952835499544 0.956344335152 0.989737440257 1.02654476482 1.05648383634 1.06447624194 1.06505004819 1.08212591271 1.11827987431 1.20771769268 1.25865076478 1.32621459551 1.45639456134
95 1236 -0.192912227605 -0.00038247162156 3.30253141101e-05 0.305523491207 0.684056837572 0.705323012508 0.773041563542 0.794204141161 0.80156920967 0.812445425446 0.838806423981 0.855628959655 0.899265575155 0.910214904257 0.920358871001 0.952835499544 0.956344335152 0.989737440257 1.02654476482 1.05648383634 1.06447624194 1.06505004819 1.08212591271 1.11827987431 1.20771769268 1.25865076478 1.32621459551 1.45639456134
96 1249 -0.198653614688 -0.000454557409315 0.000940144630408 0.303688805072 0.675526548183 0.701950758121 0.763507224802 0.790623075048 0.79586752434 0.807734987564 0.834309250078 0.851690885707 0.898959917348 0.915742138857 0.920565798659 0.947569474783 0.954059254787 0.986223708562 1.02595503994 1.05638706543 1.06175480762 1.07000534308 1.08744874636 1.13027893874 1.22243062951 1.264255801 1.32014348028 1.45753112791
97 1262 -0.206087417537 -0.000212714571373 0.00153795861457 0.3065642791 0.675526548183 0.701950758121 0.763507224802 0.790623075048 0.79586752434 0.807734987564 0.834309250078 0.851690885707 0.898959917348 0.915742138857 0.920565798659 0.947569474783 0.954059254787 0.986223708562 1.02595503994 1.05638706543 1.06175480762 1.07000534308 1.08744874636 1.13027893874 1.22243062951 1.264255801 1.32014348028 1.45753112791
98 1275 -0.198678983555 -0.00102917868002 3.11911437596e-05 0.308053435583 0.667980552767 0.699633503474 0.756307524598 0.774362331198 0.791506519265 0.803704646033 0.835704596138 0.854397242952 0.89965645126 0.915769897023 0.920011429129 0.947713797795 0.962708780132 0.989899320548 1.02226969558 1.04943179327 1.06115811269 1.07193144669 1.09839838018 1.13911981071 1.22269463397 1.26576994736 1.31339129156 1.46454340718
99 1288 -0.205371535215 -0.00176582831035 9.97625458456e-05 0.311993092402 0.667980552767 0.699633503474 0.756307524598 0.774362331198 0.791506519265 0.803704646033 0.835704596138 0.854397242952 0.89965645126 0.915769897023 0.920011429129 0.947713797795 0.962708780132 0.989899320548 1.02226969558 1.04943179327 1.06115811269 1.07193144669 1.09839838018 1.13911981071 1.22269463397 1.26576994736 1.31339129156 1.46454340718
100 1301 -0.204599773607 -0.000844587001932 0.000408756734945 0.31042296237 0.656187438464 0.699980399984 0.754699130805 0.769984802578 0.778105995942 0.796763018404 0.828785719199 0.856013035188 0.891124916831 0.908373957903 0.916873655543 0.943804575898 0.965022585989 0.991243169394 1.02313651382 1.0504580812 1.06283624696 1.07572003406 1.09024737127 1.14171395326 1.21665048838 1.26414143662 1.33037001528 1.48834790803
101 1314 -0.200451168656 -5.57731162852e-05 0.000287580692074 0.313816696708 0.656187438464 0.699980399984 0.754699130805 0.769984802578 0.778105995942 0.796763018404 0.828785719199 0.856013035188 0.891124916831 0.908373957903 0.916873655543 0.943804575898 0.965022585989 0.991243169394 1.02313651382 1.0504580812 1.06283624696 1.07572003406 1.09024737127 1.14171395326 1.21665048838 1.26414143662 1.33037001528 1.48834790803
102 1327 -0.194555075877 -2.69685561759e-05 0.000502620032152 0.311142119446 0.650085269166 0.697724531346 0.748892958464 0.770281680902 0.774113073793 0.79189118433 0.833251473838 0.858880319712 0.888856560203 0.903154163938 0.921623945123 0.932359338308 0.965658917813 0.985983043721 1.02041439289 1.05255624229 1.06265360618 1.07557333302 1.09343182773 1.14269737143 1.23049632181 1.2632883086 1.33085928156 1.49372183558
103 1340 -0.191917367845 -0.000104861703176 6.23100657717e-05 0.311730995497 0.650085269166 0.697724531346 0.748892958464 0.770281680902 0.774113073793 0.79189118433 0.833251473838 0.858880319712 0.888856560203 0.903154163938 0.921623945123 0.932359338308 0.965658917813 0.985983043721 1.02041439289 1.05255624229 1.06265360618 1.07557333302 1.09343182773 1.14269737143 1.23049632181 1.2632883086 1.33085928156 1.49372183558
104 1353 -0.192196378343 -0.000189880463771 0.00101031456806 0.313009763131 0.649384307564 0.688996148666 0.744438174575 0.758985628887 0.76775472871 0.789403977757 0.827837798403 0.854208021899 0.890432177235 0.894225583745 0.924521462533 0.933528711114 0.962005464067 0.992092901149 1.01771234409 1.05086364899 1.06260998657 1.0792090215 1.10815225732 1.14611747685 1.2257297177 1.26649121414 1.3292998621 1.50611874029
105 1366 -0.202650397768 -0.00109238625971 0.000459039807582 0.317229870641 0.649384307564 0.688996148666 0.744438174575 0.758985628887 0.76775472871 0.789403977757 0.827837798403 0.854208021899 0.890432177235 0.894225583745 0.924521462533 0.933528711114 0.962005464067 0.992092901149 1.01771234409 1.05086364899 1.06260998657 1.0792090215 1.10815225732 1.14611747685 1.2257297177 1.26649121414 1.3292998621 1.50611874029
106 1379 -0.203445245539 -7.65211117553e-05 0.000225040565258 0.315728637768 0.63966483766 0.687947995011 0.742863241232 0.761659731974 0.770936962531 0.799531753998 0.826857469093 0.851041534599 0.888416423507 0.900359275746 0.920489761533 0.935191529256 0.95418449807 0.994901336584 1.00470382 1.0562147998 1.06316788202 1.0790425641 1.12874107832 1.14743228433 1.22319397799 1.2627781057 1.31838409609 1.51083725447
107 1392 -0.213769720829 -0.000311452206828 0.00102329783674 0.301603833741 0.63966483766 0.687947995011 0.742863241232 0.761659731974 0.770936962531 0.799531753998 0.826857469093 0.851041534599 0.888416423507 0.900359275746 0.920489761533 0.935191529256 0.95418449807 0.994901336584 1.00470382 1.0562147998 1.06316788202 1.0790425641 1.12874107832 1.14743228433 1.22319397799 1.2627781057 1.31838409609 1.51083725447
108 1405 -0.214008932768 -0.00104765496046 8.88605591184e-05 0.30307687023 0.635061148633 0.67553191689 0.741167292685 0.762985828991 0.769880506051 0.795604917841 0.816808527889 0.851613394153 0.891186614594 0.897970580463 0.921869577593 0.935995511895 0.95279183108 0.991522359431 1.00652316762 1.04628181575 1.06448454924 1.07854415771 1.13100393437 1.1675638986 1.22143335025 1.27925380667 1.31715278938 1.50449069425
109 1418 -0.215826262645 -0.000441173724666 0.000730207531281 0.308815185901 0.635061148633 0.67553191689 0.741167292685 0.762985828991 0.769880506051 0.795604917841 0.816808527889 0.851613394153 0.891186614594 0.897970580463 0.921869577593 0.935995511895 0.95279183108 0.991522359431 1.00652316762 1.04628181575 1.06448454924 1.07854415771 1.13100393437 1.1675638986 1.22143335025 1.27925380667 1.31715278938 1.50449069425
110 1431 -0.214088630794 -0.000350756280821 0.00253354880482 0.30329615477 0.630696184141 0.668107642274 0.737069433466 0.751919634307 0.769230959 0.79489878749 0.81659810407 0.8542053104 0.889484331356 0.891342287292 0.924078705029 0.934762173843 0.956582601582 0.994044478684 0.997815319457 1.04270628541 1.0704442454 1.08661730377 1.12686989468 1.18273591921 1.22574330465 1.28418516254 1.31827503907 1.49765931907
111 1444 -0.204964951684 -0.000661987779876 0.000107394917047 0.306411512232 0.630696184141 0.668107642274 0.737069433466 0.751919634307 0.769230959 0.79489878749 0.81659810407 0.8542053104 0.889484331356 0.891342287292 0.924078705029 0.934762173843 0.956582601582 0.994044478684 0.997815319457 1.04270628541 1.0704442454 1.08661730377 1.12686989468 1.18273591921 1.22574330465 1.28418516254 1.31827503907 1.49765931907
112 1457 -0.213084208001 -0.000383336793553 0.000303511664997 0.300175262891 0.627999031347 0.652367797938 0.738296702215 0.748519197437 0.765625271902 0.789307833484 0.814027648877 0.849197956589 0.889200366147 0.900344452718 0.920098422284 0.929285015536 0.952559737427 0.989125276288 0.999399199999 1.03498212456 1.06798834032 1.1209602936 1.13793549118 1.18044792565 1.22906403489 1.27566865578 1.32382420671 1.49618967985
113 1470 -0.214948316 -0.000457392385562 3.54761642093e-05 0.307066587476 0.627999031347 0.652367797938 0.738296702215 0.748519197437 0.765625271902 0.789307833484 0.814027648877 0.849197956589 0.889200366147 0.900344452718 0.920098422284 0.929285015536 0.952559737427 0.989125276288 0.999399199999 1.03498212456 1.06798834032 1.1209602936 1.13793549118 1.18044792565 1.22906403489 1.27566865578 1.32382420671 1.49618967985
114 1483 -0.202159308347 -0.000256095428244 0.000415509502853 0.300824875366 0.628456625352 0.648659273779 0.723193114868 0.736950853784 0.771898499711 0.791207303487 0.81585059462 0.845941422262 0.881314285017 0.907878716035 0.916089847674 0.927601818951 0.954757547628 0.993785303325 1.00222237403 1.03837097832 1.06486060776 1.1253888 1.16009338265 1.18346344592 1.2217153438 1.27460361611 1.31239117273 1.49874942753
115 1496 -0.19906688612 -0.00218891278856 0.000247844844667 0.303952635524 0.628456625352 0.648659273779 0.723193114868 0.736950853784 0.771898499711 0.791207303487 0.81585059462 0.845941422262 0.881314285017 0.907878716035 0.916089847674 0.927601818951 0.954757547628 0.993785303325 1.00222237403 1.03837097832 1.06486060776 1.1253888 1.16009338265 1.18346344592 1.2217153438 1.27460361611 1.31239117273 1.49874942753
116 1509 -0.200872624142 -6.92130297059e-05 0.00210479602216 0.30977463287 0.630833890523 0.647471167006 0.720853818535 0.73783628994 0.772463122015 0.793436186675 0.81748717782 0.831383578993 0.884085440912 0.908081529944 0.910585631806 0.928540995909 0.955008104922 0.995076970119 1.0133202019 1.03526321804 1.06934213241 1.11783552568 1.16273047119 1.19312859281 1.22625500058 1.27423160641 1.30688433968 1.49359690406
117 1522 -0.212223982505 -0.000173959499873 0.000387467503716 0.313253248444 0.630833890523 0.647471167006 0.720853818535 0.73783628994 0.772463122015 0.793436186675 0.81748717782 0.831383578993 0.884085440912 0.908081529944 0.910585631806 0.928540995909 0.955008104922 0.995076970119 1.0133202019 1.03526321804 1.06934213241 1.11783552568 1.16273047119 1.19312859281 1.22625500058 1.27423160641 1.30688433968 1.49359690406
118 1535 -0.209800987649 -0.000848553824072 8.64250315786e-05 0.310124218944 0.623058542911 0.647322032367 0.719928310878 0.732979311322 0.76974895691 0.796054281297 0.817970432252 0.826985839155 0.888978595729 0.903316385132 0.917673160513 0.932012447294 0.957496451318 0.992227975107 1.02104566803 1.04034305402 1.07819335004 1.11132009234 1.1694712241 1.19173205985 1.23299407209 1.265711839 1.30407465396 1.48542528352
119 1548 -0.210317052592 -0.0012571941755 0.00221698436395 0.319117453602 0.623058542911 0.647322032367 0.719928310878 0.732979311322 0.76974895691 0.796054281297 0.817970432252 0.826985839155 0.888978595729 0.903316385132 0.917673160513 0.932012447294 0.957496451318 0.992227975107 1.02104566803 1.04034305402 1.07819335004 1.11132009234 1.1694712241 1.19173205985 1.23299407209 1.265711839 1.30407465396 1.48542528352
120 1561 -0.215112452861 -0.000175445957088 0.000399027153922 0.325490579486 0.622586996825 0.642861238598 0.718345456254 0.734942588507 0.769202329845 0.790170741569 0.822615131046 0.831728802475 0.890502596589 0.898787747133 0.915565591269 0.936806125379 0.958566015824 0.998584226596 1.01963859454 1.04724157861 1.08212225598 1.10512099976 1.16009859474 1.19474781405 1.23840537895 1.26089719845 1.29450372304 1.49150412709
121 1574 -0.218601344125 -0.0002791863099 0.000111459400954 0.317925146879 0.622586996825 0.642861238598 0.718345456254 0.734942588507 0.769202329845 0.790170741569 0.822615131046 0.831728802475 0.890502596589 0.898787747133 0.915565591269 0.936806125379 0.958566015824 0.998584226596 1.01963859454 1.04724157861 1.08212225598 1.10512099976 1.16009859474 1.19474781405 1.23840537895 1.26089719845 1.29450372304 1.49150412709
122 1587 -0.216715230608 -0.000538811973372 7.80315523612e-05 0.324379844638 0.608977443704 0.64476965842 0.712141889841 0.73410337869 0.763467012114 0.790975128225 0.820865241598 0.832969209796 0.886989669268 0.893516775468 0.919720717701 0.93597217029 0.945210237932 1.00006687421 1.02080199217 1.04399422031 1.09347903134 1.11825918517 1.15862490055 1.2026459447 1.24016625393 1.26027853018 1.29419370745 1.49076938481
123 1600 -0.216366048269 -8.66047197773e-05 6.48413847912e-05 0.324258836971 0.608977443704 0.64476965842 0.712141889841 0.73410337869 0.763467012114 0.790975128225 0.820865241598 0.832969209796 0.886989669268 0.893516775468 0.919720717701 0.93597217029 0.945210237932 1.00006687421 1.02080199217 1.04399422031 1.09347903134 1.11825918517 1.15862490055 1.2026459447 1.24016625393 1.26027853018 1.29419370745 1.49076938481
124 1613 -0.217282487712 -0.000746393354238 0.000519168224943 0.331765446629 0.599783809425 0.649168925011 0.710965540602 0.728814648992 0.770458868521 0.786486281058 0.821445997792 0.830402305645 0.885065091602 0.892445001169 0.912703008122 0.936983389159 0.943472024726 0.991340748914 1.02201133367 1.05639848717 1.08597236168 1.11497060274 1.16086660702 1.19103254206 1.24520674892 1.26323185253 1.29964778458 1.50249768217
125 1626 -0.210568712933 -0.000679030510637 0.000439929406436 0.32950720347 0.599783809425 0.649168925011 0.710965540602 0.728814648992 0.770458868521 0.786486281058 0.821445997792 0.830402305645 0.885065091602 0.892445001169 0.912703008122 0.936983389159 0.943472024726 0.991340748914 1.02201133367 1.05639848717 1.08597236168 1.11497060274 1.16086660702 1.19103254206 1.24520674892 1.26323185253 1.29964778458 1.50249768217
126 1639 -0.202865232284 -0.000516266098427 0.0023081742521 0.332299186079 0.592085286095 0.640507570182 0.708772170594 0.729962567033 0.766787169977 0.78439484302 0.8176001316 0.834883210539 0.877707264044 0.892666009902 0.913439092633 0.936798896379 0.945567328841 0.989251862783 1.02761976603 1.06105438672 1.08168644895 1.1227460036 1.15366144325 1.1905695614 1.24355911604 1.25687691774 1.31311600576 1.50733382409
127 1652 -0.201045900703 -0.00218781892246 0.000239442849725 0.330563563003 0.592085286095 0.640507570182 0.708772170594 0.729962567033 0.766787169977 0.78439484302 0.8176001316 0.834883210539 0.877707264044 0.892666009902 0.913439092633 0.936798896379 0.945567328841 0.989251862783 1.02761976603 1.06105438672 1.08168644895 1.1227460036 1.15366144325 1.1905695614 1.24355911604 1.25687691774 1.31311600576 1.50733382409
128 1665 -0.201229068908 -0.000360295485538 0.0019999800804 0.329132209987 0.590549410058 0.633931966817 0.703912546373 0.724798255756 0.769012945409 0.77895939125 0.819173535913 0.825289815984 0.861139135646 0.889005525836 0.911314831289 0.937462249945 0.975429020002 0.992543609564 1.03315352042 1.05342859565 1.08071998584 1.13277761097 1.156053946 1.19102981338 1.2337194618 1.25527209252 1.31141536803 1.51643308282
129 1678 -0.189719356026 -8.76416702394e-05 0.000203489396558 0.33826197572 0.590549410058 0.633931966817 0.703912546373 0.724798255756 0.769012945409 0.77895939125 0.819173535913 0.825289815984 0.861139135646 0.889005525836 0.911314831289 0.937462249945 0.975429020002 0.992543609564 1.03315352042 1.05342859565 1.08071998584 1.13277761097 1.156053946 1.19102981338 1.2337194618 1.25527209252 1.31141536803 1.51643308282
130 1691 -0.18720635249 -0.000534563330723 0.000127721532595 0.337790244215 0.595496554018 0.62845278267 0.697205222833 0.722160158801 0.767311622747 0.770353768267 0.819051048066 0.826508015035 0.857017353382 0.889353160888 0.913677979372 0.941539842883 0.972214284888 0.995142698562 1.02422143276 1.0576044188 1.07036657653 1.13396368238 1.16847124363 1.19606539608 1.23107827706 1.2611052939 1.30800550961 1.52071534911
131 1704 -0.199040362963 -0.00170838445201 0.000429467887867 0.341155316055 0.595496554018 0.62845278267 0.697205222833 0.722160158801 0.767311622747 0.770353768267 0.819051048066 0.826508015035 0.857017353382 0.889353160888 0.913677979372 0.941539842883 0.972214284888 0.995142698562 1.02422143276 1.0576044188 1.07036657653 1.13396368238 1.16847124363 1.19606539608 1.23107827706 1.2611052939 1.30800550961 1.52071534911
132 1717 -0.188805396103 -0.00221484911644 0.00095008015984 0.339494533503 0.5952381772 0.62720455903 0.694932692528 0.722750969381 0.76836677554 0.771539765226 0.810770249143 0.825135287612 0.85243950139 0.889573943005 0.915313680075 0.945564451815 0.970163697835 0.983589885792 1.02222116611 1.05724993888 1.07034129317 1.1498305563 1.17211227852 1.19747835175 1.22424200528 1.26591443536 1.30375146996 1.52488139998
133 1730 -0.192830704687 -0.00222537481327 0.000182675203238 0.340678025502 0.5952381772 0.62720455903 0.694932692528 0.722750969381 0.76836677554 0.771539765226 0.810770249143 0.825135287612 0.85243950139 0.889573943005 0.915313680075 0.945564451815 0.970163697835 0.983589885792 1.02222116611 1.05724993888 1.07034129317 1.1498305563 1.17211227852 1.19747835175 1.22424200528 1.26591443536 1.30375146996 1.52488139998
134 1743 -0.196297492516 -0.000845042718684 0.000255164105258 0.345372581607 0.586390065996 0.628242939615 0.694207205752 0.716532889198 0.770198098576 0.774173914919 0.81260251913 0.828762585538 0.849111654597 0.891135775808 0.920760074696 0.938175472142 0.969839515534 0.985721037459 1.02561926918 1.05003979396 1.07472336538 1.15578265407 1.16627519709 1.19272442684 1.23135444159 1.25680941104 1.30007897268 1.5352304665
135 1756 -0.200240592026 -0.000471080033517 8.0073015452e-05 0.343737709225 0.586390065996 0.628242939615 0.694207205752 0.716532889198 0.770198098576 0.774173914919 0.81260251913 0.828762585538 0.849111654597 0.891135775808 0.920760074696 0.938175472142 0.969839515534 0.985721037459 1.02561926918 1.05003979396 1.07472336538 1.15578265407 1.16627519709 1.19272442684 1.23135444159 1.25680941104 1.30007897268 1.5352304665
136 1769 -0.199109641536 -0.000119810413056 0.00281396654137 0.342642018432 0.582483661355 0.624929987543 0.685465918952 0.702645902497 0.771552224674 0.781158222875 0.809975782378 0.833729768405 0.848396323776 0.881570584334 0.924954899674 0.938651728244 0.954765415145 0.976867007029 1.02897585338 1.05958242097 1.08123089565 1.15170004192 1.16257512126 1.20043660299 1.23159152633 1.25831849626 1.31529121709 1.53321658461
137 1782 -0.196427474948 -0.000617375876096 0.00309531829771 0.335247468679 0.582483661355 0.624929987543 0.685465918952 0.702645902497 0.771552224674 0.781158222875 0.809975782378 0.833729768405 0.848396323776 0.881570584334 0.924954899674 0.938651728244 0.954765415145 0.976867007029 1.02897585338 1.05958242097 1.08123089565 1.15170004192 1.16257512126 1.20043660299 1.23159152633 1.25831849626 1.31529121709 1.53321658461
138 1795 -0.197995431805 -0.00132616362197 0.000978674886647 0.335072437597 0.578689065963 0.625098185728 0.678967585224 0.698697942028 0.776145981857 0.790210210827 0.810831768121 0.835537653944 0.856542095656 0.888663735225 0.928797181665 0.947620656305 0.959136181008 0.979770658518 1.02988354763 1.05934827111 1.08062185086 1.14446082029 1.16219620496 1.19452794909 1.23947585018 1.26076307929 1.32259606745 1.50524599771
139 1808 -0.191793517856 -0.000681616841192 0.00081292617595 0.345801821825 0.578689065963 0.625098185728 0.678967585224 0.698697942028 0.776145981857 0.790210210827 0.810831768121 0.835537653944 0.856542095656 0.888663735225 0.928797181665 0.947620656305 0.959136181008 0.979770658518 1.02988354763 1.05934827111 1.08062185086 1.14446082029 1.16219620496 1.19452794909 1.23947585018 1.26076307929 1.32259606745 1.50524599771
140 1821 -0.193295053877 -0.000146792168166 1.79750212892e-05 0.350420979541 0.575036813893 0.621569187238 0.681188845389 0.697892296545 0.777076181648 0.792204270657 0.809023840828 0.83052394446 0.859596305324 0.878933581069 0.924934923183 0.933602797599 0.958204159791 0.985777953421 1.03899627232 1.06007484741 1.08711554399 1.13356265771 1.1579027393 1.19793703731 1.24117595833 1.27295268236 1.33060614809 1.50014610291
141 1834 -0.188273521116 -0.000160074397809 2.69449491461e-05 0.343744255655 0.575036813893 0.621569187238 0.681188845389 0.697892296545 0.777076181648 0.792204270657 0.809023840828 0.83052394446 0.859596305324 0.878933581069 0.924934923183 0.933602797599 0.958204159791 0.985777953421 1.03899627232 1.06007484741 1.08711554399 1.13356265771 1.1579027393 1.19793703731 1.24117595833 1.27295268236 1.33060614809 1.50014610291
142 1847 -0.204938525741 -0.00121860401846 0.000637720798109 0.348594281267 0.562636331162 0.625703645931 0.676536307941 0.698440162997 0.76669991639 0.791653632001 0.816686837505 0.82470592882 0.847081369443 0.875708009036 0.923950006271 0.926137338198 0.958134803532 1.00995523381 1.0451378042 1.07138752481 1.08291149736 1.12073444262 1.15319852439 1.19980971212 1.24819865053 1.27897414433 1.34126252789 1.48989905965
143 1860 -0.209428414892 -0.000308115235892 3.45611327372e-05 0.354237607147 0.562636331162 0.625703645931 0.676536307941 0.698440162997 0.76669991639 0.791653632001 0.816686837505 0.82470592882 0.847081369443 0.875708009036 0.923950006271 0.926137338198 0.958134803532 1.00995523381 1.0451378042 1.07138752481 1.08291149736 1.12073444262 1.15319852439 1.19980971212 1.24819865053 1.27897414433 1.34126252789 1.48989905965
144 1873 -0.215897648179 -0.000276326825649 0.000132826787055 0.365604321777 0.55451394218 0.62629271218 0.663673352997 0.695158340152 0.763285642814 0.78470370082 0.811574924534 0.82444079063 0.845691133102 0.877563850847 0.92885851173 0.941392798562 0.952799349531 1.01183702083 1.04434264076 1.06832793465 1.08260273641 1.10927075869 1.15293516525 1.19289091698 1.24715623237 1.28318131299 1.34710774952 1.50681947926
145 1886 -0.217288358675 -6.47828639918e-05 0.000475805205531 0.376828719197 0.55451394218 0.62629271218 0.663673352997 0.695158340152 0.763285642814 0.78470370082 0.811574924534 0.82444079063 0.845691133102 0.877563850847 0.92885851173 0.941392798562 0.952799349531 1.01183702083 1.04434264076 1.06832793465 1.08260273641 1.10927075869 1.15293516525 1.19289091698 1.24715623237 1.28318131299 1.34710774952 1.50681947926
146 1899 -0.218449006289 -4.71601051157e-05 0.000359941321651 0.390895853653 0.550805584964 0.619004660828 0.661535369542 0.696870336451 0.762211581807 0.782660845268 0.813058231091 0.821389947736 0.839748568321 0.878642704797 0.927509599505 0.94494432821 0.947958721705 1.013366876 1.03820605004 1.07223512544 1.07809808821 1.11213040404 1.15005286019 1.19401638324 1.24275356823 1.27876459774 1.3653376962 1.51201464516
147 1912 -0.224791617022 -0.000286655706136 0.000742909335564 0.401235827981 0.550805584964 0.619004660828 0.661535369542 0.696870336451 0.762211581807 0.782660845268 0.813058231091 0.821389947736 0.839748568321 0.878642704797 0.927509599505 0.94494432821 0.947958721705 1.013366876 1.03820605004 1.07223512544 1.07809808821 1.11213040404 1.15005286019 1.19401638324 1.24275356823 1.27876459774 1.3653376962 1.51201464516
148 1925 -0.233496339479 -5.13804324375e-06 0.000934785199207 0.404140335477 0.540447889272 0.612892427021 0.655193987136 0.69785022956 0.759637700731 0.772321855493 0.813640185274 0.816757932872 0.836706464002 0.891011108122 0.929646766051 0.938676633671 0.948028271524 1.0115646086 1.03864345843 1.06388406662 1.08312607525 1.11381468132 1.14240805964 1.18319983561 1.22870428189 1.28610150888 1.36685760071 1.54612764237
149 1938 -0.235042506843 -5.22574547662e-05 0.000313092008559 0.409967563149 0.540447889272 0.612892427021 0.655193987136 0.69785022956 0.759637700731 0.772321855493 0.813640185274 0.816757932872 0.836706464002 0.891011108122 0.929646766051 0.938676633671 0.948028271524 1.0115646086 1.03864345843 1.06388406662 1.08312607525 1.11381468132 1.14240805964 1.18319983561 1.22870428189 1.28610150888 1.36685760071 1.54612764237
150 1951 -0.238020772887 -0.000785654616403 0.00111736754576 0.408947901424 0.534812003296 0.608604453027 0.654688911388 0.692620095887 0.753940103127 0.770568756026 0.798876256677 0.826807804225 0.835253815713 0.894773389236 0.924196185225 0.929450861751 0.942626899247 1.00691260066 1.02899938831 1.06523493901 1.09371965998 1.12340344703 1.14121385808 1.18707721097 1.2402694975 1.28872961339 1.37374603302 1.54366471955
151 1964 -0.236022886597 -0.000555671647152 0.000166387531697 0.416884148 0.534812003296 0.608604453027 0.654688911388 0.692620095887 0.753940103127 0.770568756026 0.798876256677 0.826807804225 0.835253815713 0.894773389236 0.924196185225 0.929450861751 0.942626899247 1.00691260066 1.02899938831 1.06523493901 1.09371965998 1.12340344703 1.14121385808 1.18707721097 1.2402694975 1.28872961339 1.37374603302 1.54366471955
152 1977 -0.237954786602 -0.000229401750464 0.000123871766427 0.41891380885 0.519333606225 0.602967708394 0.650696739295 0.69901906379 0.74763360179 0.760543859012 0.797134373372 0.832031881549 0.833485560028 0.896113343022 0.916505876194 0.928271088428 0.951364363785 1.00137103803 1.0186731051 1.06161279295 1.09700526166 1.12266295293 1.15108086411 1.1889461206 1.239515088 1.28832496725 1.39069621383 1.54436901193
153 1990 -0.235545574709 -0.000697816638523 0.000724726482059 0.416706522588 0.519333606225 0.602967708394 0.650696739295 0.69901906379 0.74763360179 0.760543859012 0.797134373372 0.832031881549 0.833485560028 0.896113343022 0.916505876194 0.928271088428 0.951364363785 1.00137103803 1.0186731051 1.06161279295 1.09700526166 1.12266295293 1.15108086411 1.1889461206 1.239515088 1.28832496725 1.39069621383 1.54436901193
154 2003 -0.238962191997 -0.000520843861531 0.00357144947611 0.419092771164 0.518393766891 0.602115152559 0.646903611856 0.694784875652 0.736850578248 0.756691189809 0.798369254022 0.832638303548 0.841972335434 0.891323942363 0.90564294684 0.929481292949 0.958064884479 1.00509726835 1.01889647872 1.06074502734 1.09315795761 1.11942365196 1.15979121902 1.18988632174 1.23447132062 1.29458424258 1.40454443953 1.53645815267
