% # columns=["iteration, evaluation, sigma, void, void,  stds==sigma*sqrt(diag(C))", seed=342690, Mon Feb 27 12:00:26 2017
0 1 0.2 0 0 0.2 0.200000416667 0.200000833335 0.200001250004 0.200001666674 0.200002083344 0.200002500016 0.200002916688 0.200003333361 0.200003750035 0.20000416671 0.200004583386 0.200005000063 0.20000541674 0.200005833418 0.200006250098 0.200006666778 0.200007083459 0.200007500141 0.200007916823 0.200008333507 0.200008750191 0.200009166877 0.200009583563
1 14 0.187561927194 0 0 0.188099157071 0.187451188609 0.187514252047 0.187163260444 0.187162337453 0.18718999313 0.187972349589 0.187100193648 0.187565394164 0.186957842788 0.187429760747 0.188034891038 0.18705153738 0.18740532543 0.186666285532 0.188603777145 0.186848154061 0.187159049782 0.187105428134 0.187436259935 0.186913017003 0.186921820327 0.187581352805 0.18686787386
2 27 0.180721801779 0 0 0.180978358009 0.179189550584 0.180513050277 0.179254475455 0.180594167742 0.180407628414 0.181448319468 0.18021671259 0.182653611783 0.179615357459 0.181291715943 0.180474227709 0.179215368031 0.180300883557 0.179780002759 0.182083497676 0.179120004075 0.181150014561 0.179308361272 0.18028812986 0.179809473265 0.180554096881 0.180445011533 0.178930901899
3 40 0.17273942988 0 0 0.173000772072 0.170417515883 0.1730771112 0.170827752238 0.172323366736 0.171935624088 0.172897810658 0.171462064036 0.174614633815 0.171313685512 0.174545585678 0.172421789731 0.170946861477 0.172114981929 0.170953437267 0.173696316186 0.168953446025 0.172991095742 0.170477453794 0.172272379606 0.172083359792 0.172159671102 0.172364137656 0.170647847068
4 53 0.166900162603 0 0 0.166369395732 0.16339821152 0.166821706326 0.164862043173 0.165952036145 0.164569985267 0.166321774707 0.165711368868 0.169241715629 0.166588846069 0.168559883768 0.166066187869 0.164793805525 0.166114178175 0.165342662557 0.1675723073 0.163430696642 0.166623473685 0.164678498866 0.165646757986 0.16615365637 0.16533137469 0.166591999505 0.165415403854
5 66 0.165290667468 0 0 0.1639185416 0.161561013445 0.164858677369 0.163640472749 0.164787141473 0.162675326354 0.164318546377 0.163878201206 0.168135253288 0.164143948011 0.166834793881 0.164397330366 0.162847050472 0.164942704424 0.16345016421 0.165206084938 0.161760621546 0.163758099251 0.162512568396 0.164176092628 0.164141822597 0.164286559978 0.166788619342 0.16332661097
6 79 0.163330097686 0 0 0.162588004557 0.160435215703 0.162551277795 0.16187347795 0.163333883683 0.16081835335 0.161923369064 0.161852251564 0.167615416405 0.161183349736 0.164351268916 0.161975995859 0.161725432255 0.161354251452 0.16052338948 0.163555371324 0.159467862676 0.162550842815 0.159512044528 0.16280769803 0.161414688789 0.162340802982 0.165336348945 0.160003995965
7 92 0.163159525038 0 0 0.161577188688 0.160110198399 0.161191995072 0.163872099776 0.162562985682 0.160207489912 0.159789835756 0.161958153512 0.167551842298 0.16204123839 0.162992498958 0.161475447779 0.161038981794 0.160873526357 0.161758963087 0.162030154239 0.158999742346 0.162494938917 0.159973753364 0.163903593081 0.160712030138 0.161942112398 0.165552616069 0.159883252013
8 105 0.160481066799 0 0 0.159084718204 0.158411308077 0.158235841539 0.161448487585 0.160812476372 0.157313880648 0.155667396852 0.158162489926 0.166096997633 0.158805299082 0.159676529841 0.159327798479 0.158994654944 0.15826873841 0.159099376012 0.159396095666 0.155546761541 0.159083257138 0.157686559155 0.162044600717 0.158233462581 0.158434184929 0.162943740231 0.157603064082
9 118 0.158978101966 0 0 0.157537949271 0.157524358207 0.155933474595 0.159193882429 0.159054082177 0.156411200136 0.154329920732 0.156619397527 0.166170018071 0.157588641792 0.157623034021 0.157356772359 0.15630378301 0.157187621622 0.15703758657 0.157315129577 0.154539557863 0.157444071215 0.156578427047 0.160497952089 0.156344185725 0.154903147819 0.161034527883 0.156081593018
10 131 0.160377643837 0 0 0.158541225556 0.158571699217 0.157814656146 0.160605095537 0.160916404351 0.157726199785 0.15613411386 0.158198992389 0.168216614658 0.161029663346 0.156700541636 0.159650150132 0.157735129384 0.158970569337 0.157451141792 0.157664269817 0.15550014053 0.158740113937 0.157321430303 0.16203778863 0.156791077808 0.156234200841 0.162681367524 0.156705668373
11 144 0.160810295678 0 0 0.158638845752 0.159190309876 0.158577447316 0.160635873598 0.16223791408 0.159415510684 0.157132282767 0.159204010872 0.168194258412 0.160587366032 0.156211322842 0.158537429143 0.158415089466 0.159754781652 0.157608099889 0.158048131177 0.15567590767 0.159363457657 0.158128214321 0.162670011767 0.157489830384 0.156148928664 0.163851797481 0.156085513792
12 157 0.160658772507 0 0 0.159271848457 0.158871379892 0.159242961945 0.160041842414 0.160887769429 0.1590883759 0.158641306778 0.158762554892 0.168617234807 0.159781231947 0.155412505664 0.157872824682 0.158631939177 0.159078481058 0.15683666487 0.158077242721 0.155192154603 0.159596746159 0.157292178512 0.16293537909 0.157018780459 0.156167155235 0.163389922257 0.155919412281
13 170 0.159600410493 0 0 0.157775033536 0.158047875661 0.157395072456 0.159762836004 0.160991665729 0.158997853333 0.157019491468 0.157433440942 0.167490893587 0.159700423507 0.155140943989 0.157002079477 0.157585668144 0.158165757581 0.155266278763 0.155943431675 0.15580665673 0.15895015277 0.157258802102 0.16183979031 0.155217590937 0.153519845892 0.162409388391 0.15489576783
14 183 0.154597273478 0 0 0.15190638745 0.153467843273 0.151925166442 0.154836399462 0.155841226062 0.153825249255 0.151250259641 0.15233460457 0.161979708337 0.155517412711 0.151540470284 0.153445689666 0.152108524567 0.153649483535 0.150274651245 0.151455275081 0.149317778405 0.154341355213 0.152055916623 0.155570814177 0.150695437178 0.147580982245 0.156679620807 0.149620811825
15 196 0.151922066453 0 0 0.149475222541 0.149584914935 0.14999866415 0.151928923928 0.153622714945 0.151014851183 0.148137293465 0.149905562563 0.158991255577 0.152985186566 0.14739355863 0.150932569154 0.14833248691 0.150750404219 0.146962690187 0.14805273935 0.147214659519 0.151908164444 0.149535911428 0.15329628826 0.147671453979 0.144580098545 0.153835200707 0.148358161973
16 209 0.149271013353 0 0 0.146084670763 0.147012113451 0.14689691155 0.149623341253 0.151032400276 0.148793749946 0.145167199419 0.145758954436 0.155168619947 0.150008750808 0.143281455178 0.148269684511 0.146150479921 0.148445309447 0.144392719117 0.145778671195 0.143429310823 0.150376405769 0.147129507479 0.150138256582 0.146138199924 0.144494892986 0.151763835613 0.145140594573
17 222 0.143222630131 0 0 0.139732745104 0.141191754616 0.140854129902 0.14335356066 0.145052110877 0.142097084484 0.139422085069 0.13994748849 0.148759719471 0.145248741896 0.136396020469 0.142466985444 0.139704405888 0.142000868766 0.138117056411 0.139734840401 0.137316323823 0.144797272972 0.141290548669 0.143101854059 0.139279022577 0.138774475905 0.146551578616 0.137706116079
18 235 0.138015362315 0 0 0.13418220013 0.136172322841 0.135935244566 0.137664706838 0.140385413314 0.136440383288 0.134451896587 0.13522521715 0.143546560994 0.140519380891 0.131040633456 0.137616590026 0.134421651364 0.137149309511 0.133900505878 0.134581977888 0.131470406985 0.139113759311 0.135300009037 0.138901495266 0.133696816591 0.133649574102 0.141359006243 0.131642797704
19 248 0.131751656324 0 0 0.128388379332 0.12956238851 0.129545157083 0.131616218691 0.133182471805 0.130184474746 0.127997874134 0.128508826821 0.136987229083 0.133100980847 0.124751369349 0.131033009676 0.128398180399 0.129961160881 0.127130336353 0.1286899441 0.125510410989 0.132697901831 0.129967719796 0.132535693587 0.127489457013 0.128215401424 0.13457747391 0.126525323898
20 261 0.127828699419 0 0 0.124635429463 0.124422827572 0.124973991463 0.128522762185 0.128895310716 0.125986415696 0.123381304092 0.125138335829 0.13211755592 0.129256478194 0.121221952483 0.126552309075 0.12434486694 0.125910558516 0.123038212643 0.125221497702 0.121992663279 0.128082331935 0.126627882112 0.128377192837 0.123186351199 0.125707125129 0.130878750856 0.12187114228
21 274 0.120912427736 0 0 0.118003570576 0.117890552373 0.118300385017 0.121591734786 0.120955515015 0.119055922288 0.117105971378 0.118300979431 0.124857224658 0.122193590158 0.114403332905 0.120141503892 0.117614783196 0.118563092076 0.116221183749 0.117918141298 0.115892027628 0.120021527653 0.119686213626 0.12121727606 0.116226628646 0.118206193467 0.123802296325 0.115095173941
22 287 0.118887131599 0 0 0.115832962623 0.11603418453 0.116608908867 0.119739891099 0.119131947029 0.117278952343 0.113985310558 0.116055045935 0.121486738867 0.120780155225 0.112349656221 0.116706057682 0.115584406821 0.116770457904 0.114260586517 0.115592926886 0.113714052328 0.118088901206 0.11674446301 0.119212968998 0.113614103365 0.117558005924 0.123858765751 0.112971679436
23 300 0.115913956154 0 0 0.112674678708 0.112615203551 0.113265782145 0.11700155734 0.116379892216 0.114153408464 0.111575954734 0.113488413612 0.118622796666 0.117937473878 0.108764253207 0.11360505126 0.112898062805 0.113717450198 0.111304145691 0.112600012426 0.111564138186 0.115290935492 0.113287867941 0.114861837989 0.111021312687 0.113792373942 0.121073287629 0.110052390203
24 313 0.11695812052 0 0 0.11364865672 0.11406881978 0.113628459291 0.118206645385 0.117652110266 0.115300371341 0.112546423252 0.11449409372 0.119302019025 0.119336963553 0.109091392486 0.114746526058 0.113632331593 0.113825605752 0.1124061826 0.113629896 0.113312818538 0.115176063117 0.115195892797 0.116162911525 0.112233288344 0.114972282551 0.124729226022 0.110945512796
25 326 0.115683679971 0 0 0.111534682509 0.113106770386 0.111935607611 0.11658369654 0.115964796036 0.113998141029 0.11147935303 0.113318149927 0.118124884048 0.117431020024 0.10796257388 0.112713974007 0.111940956419 0.11226937875 0.110673652567 0.112569196765 0.112188377278 0.113449138572 0.114190041219 0.115265545739 0.110756938898 0.113623466515 0.124150014288 0.109910144398
26 339 0.113565559727 0 0 0.109349716064 0.111564950997 0.109501746872 0.113840867644 0.113665315831 0.111569653573 0.109619345278 0.111333246767 0.116591516879 0.115148776866 0.106012120965 0.11077247152 0.109894084719 0.110134114783 0.108873778922 0.110116412346 0.109888044492 0.111324764784 0.112097486061 0.113694961325 0.110221041333 0.110118691409 0.121595800915 0.107254750043
27 352 0.113567880309 0 0 0.109306725773 0.112018576882 0.109258583173 0.11328993308 0.113780240311 0.112173381008 0.109483079902 0.111109388026 0.116568447164 0.115843264367 0.104885170059 0.110960248074 0.110277957924 0.109722128928 0.107785107033 0.109985909368 0.110154153107 0.111568219813 0.113151689213 0.112823066563 0.111183138531 0.110146943077 0.121439871751 0.108135384014
28 365 0.112340987972 0 0 0.108088647691 0.110568670343 0.10779227909 0.111693883334 0.112019635696 0.110971698985 0.108207657889 0.10949163942 0.116194418825 0.114931261115 0.103523433055 0.109415153551 0.108895300301 0.108176497571 0.106846665077 0.1084716844 0.108446409385 0.110260001883 0.112049795056 0.112166130617 0.111629302688 0.108034126729 0.120181658124 0.106361659558
29 378 0.110689566231 0 0 0.106378701952 0.108512973695 0.107018540307 0.109837258895 0.110263112422 0.109282101217 0.1059986533 0.107448391846 0.114205929432 0.113338341445 0.102376054019 0.10731325966 0.107059371632 0.106503670148 0.105085051816 0.10723613439 0.105858274603 0.10853494644 0.109357913299 0.109954097144 0.111364508275 0.106999637461 0.118355154171 0.104658128572
30 391 0.108062376031 0 0 0.103849402686 0.105681466237 0.104016136716 0.106974769353 0.107915422418 0.107220730981 0.103319155432 0.105287970604 0.111986951448 0.110713824968 0.0994333880183 0.103521675219 0.104318740856 0.103222334379 0.102794057284 0.104476554881 0.103362885401 0.105738119662 0.107105856547 0.107725450167 0.108016217444 0.104247588032 0.115732337286 0.102075940418
31 404 0.110062582607 0 0 0.105658036157 0.107257283677 0.105807762964 0.109110290877 0.108974187725 0.109472442518 0.10224674278 0.107691134723 0.114785223704 0.113561759534 0.102093596029 0.104831238747 0.106229557903 0.104305041781 0.104696695386 0.106412145905 0.105387400558 0.107643026467 0.110049135709 0.110397096484 0.112411818773 0.106193958276 0.118088074103 0.104543432643
32 417 0.110294151574 0 0 0.105376434141 0.107925093751 0.106017440352 0.109256606003 0.108798561082 0.109597325434 0.102903784397 0.107323252425 0.114736290238 0.112436938796 0.102369808112 0.105015641639 0.105440984142 0.104532189104 0.104901202636 0.107759737904 0.106786736797 0.107898434515 0.110822121179 0.110162196485 0.112953175488 0.106613164577 0.117805261817 0.104714941017
33 430 0.107797165734 0 0 0.102635896483 0.105108655197 0.104149675957 0.106704836213 0.106323963232 0.105892817729 0.100121063595 0.10470878511 0.112225915183 0.110198034452 0.0992629225724 0.102316222005 0.10344283657 0.102086044608 0.102058118356 0.105683403065 0.104213589593 0.104999720829 0.108800384993 0.107895717485 0.111029351554 0.104377195666 0.115460200675 0.102217311658
34 443 0.10632589717 0 0 0.101200291382 0.103277504894 0.102431297792 0.105244798042 0.105672184504 0.104347326729 0.0986291361597 0.103023732367 0.109773883776 0.108342188585 0.0978647559993 0.101003150551 0.102022774942 0.10094795254 0.100420521889 0.104067598628 0.102660969304 0.103448720817 0.107453058739 0.106336715062 0.109770190757 0.102676465485 0.114290727831 0.100282583791
35 456 0.104955085164 0 0 0.0990083028722 0.101015845333 0.101514932081 0.103432081341 0.104319937199 0.102923766941 0.0971551648076 0.101559141118 0.107670855123 0.106523041743 0.096805574625 0.0988702662759 0.100675032852 0.0993718361777 0.0992423887485 0.102696925067 0.102219934641 0.102006816025 0.106810815417 0.104870277175 0.108948991178 0.101067312375 0.11291301465 0.0988082544016
36 469 0.102693829809 0 0 0.0965069246664 0.0984850682305 0.0996915959584 0.101848770203 0.101953554733 0.100265198046 0.0954931282726 0.0992376083294 0.105307660051 0.104161157868 0.0948333890759 0.0957755178683 0.0984568023136 0.0975786423147 0.0961442200167 0.100597307616 0.0990724809169 0.0997079096477 0.104491505412 0.102769884817 0.106412153887 0.0990001359874 0.11038277164 0.0969476883264
37 482 0.0987306701008 0 0 0.0928790323268 0.0943171092546 0.0958843777779 0.0976741826048 0.0984481295289 0.096436479557 0.0921197588959 0.0950236332555 0.100530619369 0.0999087419305 0.0905252426638 0.0914558030222 0.0941290112252 0.0945600295329 0.0926661188941 0.0962435977566 0.0952190140575 0.0955335167358 0.1007863431 0.0988074836816 0.102271539459 0.0949505477687 0.106157456798 0.0926914158539
38 495 0.0930647960367 0 0 0.0865506653284 0.0883218054988 0.0902146473994 0.0918747058877 0.0929201229758 0.0913096310247 0.0863524883792 0.0893643793056 0.0943756796742 0.0935547533581 0.0853242990331 0.0860899438114 0.0888304984136 0.0890345149946 0.0874572746777 0.0908509352304 0.0893760790299 0.0900604528426 0.0953081887437 0.0931189707915 0.0962045476405 0.0900106326085 0.0997732437682 0.0871419514768
39 508 0.0892179414203 0 0 0.0828256256693 0.0848743953225 0.0869044456064 0.0886063744636 0.0893225908614 0.0876312889903 0.082591587505 0.0864689221123 0.0901953717795 0.0894744693137 0.0819319942035 0.0819608111515 0.0848722382237 0.0848078486525 0.0838379828484 0.0871840476868 0.0844918066764 0.0860637602298 0.0912974369561 0.0886965787976 0.0917944291762 0.0860393100398 0.0956829643993 0.0833943582825
40 521 0.0866415099273 0 0 0.0802068349126 0.0822527309531 0.0837136444457 0.0859887617518 0.0865091989167 0.0853384491289 0.0804083667134 0.0839894374824 0.0885684782268 0.0872950727688 0.0794528728229 0.079136314702 0.0820151999315 0.0821078653421 0.0809978713914 0.084694813139 0.0819993720543 0.0836708246791 0.0889584497256 0.0865126780943 0.0891075708269 0.0831120832831 0.0931740748048 0.0808755538994
41 534 0.0833650601964 0 0 0.0767711263819 0.0790438023854 0.0802888509823 0.0824626534922 0.0832667808339 0.0818041458921 0.0773006051691 0.0809081326931 0.0844084595229 0.0834641543926 0.0762787852886 0.0764156758821 0.079258441813 0.0786576511518 0.077977459151 0.0815331064087 0.0786635017505 0.0804323399479 0.0854207072961 0.0832163752695 0.0861267988626 0.0798003395992 0.0895636716622 0.0777091214439
42 547 0.0804878761985 0 0 0.0735025863303 0.0756456036999 0.077544370728 0.0796912156583 0.0802926011284 0.0789652892322 0.0741034680659 0.0778685080905 0.0818267444185 0.0808944082105 0.0736881181732 0.0739401982137 0.0764366549222 0.075994333624 0.0747848865813 0.0785051443649 0.0758151652402 0.0775964657871 0.0821089563071 0.0801411247882 0.0833743288961 0.0764504797466 0.0873054408506 0.0753019368398
43 560 0.0793142436567 0 0 0.0717997216847 0.0746862004032 0.0763443009083 0.0783340328638 0.0794712541396 0.0773459484614 0.0727154211077 0.0767971135713 0.080620431262 0.0797957522599 0.0719954805592 0.07288221182 0.0753979064105 0.074697456753 0.0746673584847 0.0775029102254 0.0747307638524 0.0764033551481 0.0806012847708 0.0803086410383 0.0818766596534 0.0754388828098 0.0863116523137 0.0741340283143
44 573 0.0767589519555 0 0 0.0692844485402 0.0720066085669 0.0738727448595 0.0757840122621 0.0771479053066 0.074592764578 0.0702037446088 0.0746931150183 0.0780995233924 0.0771829852997 0.0692388402644 0.0704344520341 0.0730862819309 0.0722500316201 0.0724488544247 0.0747598364084 0.0723612967373 0.0740864745751 0.077077162843 0.0781875014133 0.0791085563464 0.0725586305267 0.0828739520409 0.0714885930515
45 586 0.0742906770661 0 0 0.0670536279589 0.0695063975213 0.0709428430388 0.0739309175752 0.0746397609966 0.0721514787183 0.0679600346135 0.0723361011361 0.0758295997754 0.0747930640974 0.0663906233186 0.0682137760832 0.0704507074377 0.0695878033853 0.0700491582927 0.0730364476884 0.070006652428 0.0712205074872 0.0748512313806 0.0755657623273 0.076430788554 0.0700127707757 0.0799171030511 0.0688756046726
46 599 0.0728361188166 0 0 0.0655827698169 0.068327748595 0.0698952523545 0.0724443579337 0.07318087042 0.0703101312766 0.0668972775937 0.071078920197 0.0742212412929 0.0732140199415 0.0648879764902 0.06641163789 0.0690159327751 0.0680038746712 0.0689294650543 0.0720771426133 0.0679599319582 0.0695186074204 0.0733709242006 0.0739851212572 0.0748852175975 0.0689827779772 0.0777463063504 0.0671938020863
47 612 0.0718543381159 0 0 0.0643163954804 0.0673612006952 0.0689890092394 0.0708986418334 0.071934607895 0.0694565686623 0.0658475522797 0.0700325359966 0.0726328327103 0.071957859602 0.0634578363219 0.0653396204485 0.0683212156547 0.0669429790741 0.068251740089 0.0713992038213 0.0671384038115 0.0684703216207 0.0720186283927 0.0731584417345 0.0736709239542 0.0685420913503 0.076959175148 0.0662388563479
48 625 0.0693625724637 0 0 0.0621401885478 0.0652183593708 0.0668630894835 0.0683291044782 0.0691245417052 0.0662498192509 0.0635145904981 0.0673459189998 0.0704388572001 0.0695144743951 0.0601369423705 0.0632452518368 0.0657120770771 0.064201757328 0.0660426481726 0.0693958282519 0.0648406387226 0.0658208113688 0.0696039012043 0.0702584025594 0.0713940292521 0.066213634152 0.0745576487582 0.0637363640936
49 638 0.0683366142524 0 0 0.061188489438 0.0645633397974 0.0660178116309 0.0676421308518 0.0679630058317 0.0656427955023 0.0620280472107 0.0663755120357 0.0693973761964 0.068450218846 0.0591019890209 0.0623766178621 0.0646245583173 0.0627212182605 0.0650087080284 0.0683538404817 0.0636955653746 0.0642585432286 0.0685806034931 0.0689093092865 0.0701181713386 0.0649515623259 0.0733260727346 0.0629663104488
50 651 0.06799210977 0 0 0.060611381999 0.0648778502306 0.0661861820591 0.0673473651143 0.0676484500832 0.0652927557458 0.0615274860435 0.065361379222 0.0689356247588 0.068388533343 0.0588146591198 0.0620703283279 0.0642235073209 0.0625116180532 0.0646549217913 0.0675149706267 0.0633849469783 0.0638819136029 0.0681424041018 0.068392495981 0.0693505175563 0.0643890901164 0.072654134433 0.0625716524005
51 664 0.0661790886331 0 0 0.0590880343249 0.0636845559105 0.0647217499763 0.0655022425968 0.0657196991443 0.0632858627674 0.060167321966 0.0632506210336 0.0667963867179 0.0666054701225 0.0571673988682 0.0602179308377 0.0625376114639 0.0608568098087 0.0632033778495 0.065523140382 0.0612920204788 0.0620802742217 0.0666487765121 0.0666025298973 0.0677182143656 0.0622905949196 0.0707649447832 0.0601101120179
52 677 0.0654801546708 0 0 0.0582391594947 0.0632891524781 0.0640167917642 0.0647874965091 0.0652277921218 0.0624597470566 0.0593323196817 0.0621476451973 0.0658401588952 0.0660285407615 0.0567140493111 0.0590521369218 0.0617393601468 0.0603826982419 0.0623466393013 0.0652757950286 0.0607503681133 0.0617828501316 0.0657230757552 0.0659471405477 0.0664353223886 0.0616209480977 0.0694514323287 0.059026480884
53 690 0.0653301237096 0 0 0.0575998973526 0.0633893329092 0.0638410404438 0.0646593000204 0.0649303749246 0.0619115399895 0.0589379925605 0.0619344081281 0.0656943185539 0.0659447775857 0.056201553128 0.0586839850859 0.0616745988009 0.0600416289353 0.0621436470705 0.065156961094 0.0602265981181 0.0621345661616 0.0655905056469 0.0661673117044 0.0660315008915 0.0617844673237 0.0692484784757 0.0590156091428
54 703 0.0651628365794 0 0 0.0574030989527 0.0639025631375 0.0636145371224 0.0643354495264 0.0652405284426 0.0614853304077 0.0587517201242 0.0617028459434 0.0654965266039 0.0657520616246 0.0563999243035 0.0589132570596 0.0616376419417 0.0595316023501 0.0622156439303 0.0648835881538 0.0598813610159 0.0617636534758 0.0652262344258 0.0665255280009 0.0652108686958 0.0622631129023 0.0700556435003 0.0588301907244
55 716 0.0643953403349 0 0 0.0559509023179 0.0633984265628 0.0626944459795 0.0632928221946 0.0648271182495 0.0606255539966 0.0584029528044 0.0609527654624 0.0646616375167 0.0649674844657 0.0558197151615 0.058233716383 0.0611552311907 0.0588175067952 0.061517150072 0.0639953816156 0.059305661795 0.0612825335818 0.0636242956414 0.065801199265 0.0643099313107 0.0618217479646 0.0689684367709 0.0583713958306
56 729 0.0610306433998 0 0 0.052730061913 0.0600479866631 0.0592742112926 0.0599671965651 0.0616166226478 0.0570813425524 0.0552778619888 0.0578702055704 0.0614390090621 0.0615252819379 0.05284924538 0.0549743306191 0.0577245318935 0.055873281678 0.0584946899837 0.0604386122512 0.0560240619273 0.0581741813537 0.0598599260634 0.0623401209923 0.0611235454745 0.0581070550343 0.0655009758716 0.0551852067985
57 742 0.0583313506417 0 0 0.0505014615557 0.0574940150787 0.0567204817985 0.0579777046279 0.0587915409896 0.0544849631731 0.0527357947039 0.0553086865767 0.0589168859272 0.0587632520179 0.050273473117 0.0527211498889 0.0549264660245 0.0532968018275 0.0560043167157 0.0576994252072 0.0534148720893 0.0554766840932 0.0570340742965 0.0592687778617 0.0583479942167 0.0550582900359 0.0620309191642 0.0527485750576
58 755 0.0548560317686 0 0 0.0473631434144 0.0537184686842 0.0533520556672 0.0545930267773 0.0553645459473 0.0508975130374 0.0493837226275 0.052223393831 0.0548889426588 0.055240747252 0.0471561917527 0.0494784380013 0.0515632369924 0.0506154161164 0.0526232696534 0.0539832046888 0.0500648868691 0.0517688382118 0.0536824158571 0.0556788178694 0.054694658388 0.0518280448743 0.0580695262736 0.0496607758727
59 768 0.0520359706727 0 0 0.0447908837183 0.051043157502 0.0505371958643 0.0513593272344 0.0522086476955 0.0487089180403 0.046797410003 0.049778875393 0.0517642033139 0.0523389235714 0.0444168471069 0.0470305978883 0.0486932788765 0.0480031452103 0.0499191706378 0.0511372428834 0.0475095710802 0.0490082248757 0.0504009125312 0.0522014402051 0.0519199447914 0.0491815561179 0.0549544292544 0.0471477500577
60 781 0.0501376203554 0 0 0.0432040265615 0.0493904263841 0.0485530169225 0.0493064795944 0.0501406352107 0.0469736949903 0.0452513987293 0.0473383260715 0.049764805399 0.0504986449097 0.0425271296399 0.0454148431129 0.0469647309723 0.0461484434027 0.0482716722939 0.0494365851075 0.0457740982523 0.0470836261157 0.0483829640097 0.050609361926 0.0500864617376 0.0474063187914 0.0529457352304 0.045568843021
61 794 0.0488786520109 0 0 0.0417502613343 0.0481129248444 0.0471882945173 0.0480229517809 0.0490665907576 0.0456860971897 0.0440801420973 0.0457985248564 0.0485291396859 0.0489543347698 0.0414058838037 0.0442486645378 0.0454676897391 0.0452901710315 0.0471024812976 0.0484095756988 0.0449410011884 0.0458556283942 0.047168076973 0.0491961994889 0.048500620542 0.0460222520551 0.0516812660739 0.0446856498492
62 807 0.0472943738441 0 0 0.0402720937027 0.0467251628452 0.0453698262583 0.0466143697377 0.0474712506774 0.0441718116774 0.0425933339416 0.0443678257575 0.0469217998121 0.0473970701829 0.0397131848568 0.0429855269079 0.0438811099429 0.0437395901995 0.045477239595 0.0466519405122 0.0438396308921 0.0441347663986 0.0456282477675 0.0475808687995 0.0467181768316 0.0445204462753 0.0500667728236 0.0432177962304
63 820 0.0461604175648 0 0 0.0394237897949 0.0458113881436 0.0442448812209 0.0455211264479 0.0464472853014 0.043127651269 0.0416758557089 0.0433480478882 0.0458873592493 0.0460914610495 0.0385188772104 0.0418242839174 0.0424057416108 0.0425761932056 0.0443028050604 0.0458320228023 0.042961721197 0.0430072239016 0.0445044723546 0.046814607609 0.0457480336459 0.0434774684926 0.0492070878775 0.0420692243485
64 833 0.0447699530679 0 0 0.0382876272855 0.0445056704807 0.0430254852917 0.044362749835 0.0448970687114 0.0417586292446 0.0403394364698 0.0419083890276 0.0443152705035 0.0450052019016 0.0368819839582 0.0405926441958 0.0410024195452 0.040995569072 0.0430088932838 0.0443412015939 0.0415634799476 0.0418063864861 0.0433211567064 0.0451402889481 0.0443307813925 0.0424216480853 0.0473344231564 0.0408924466308
65 846 0.0439599476447 0 0 0.0374239914007 0.0438378406533 0.042262556227 0.0435023812228 0.0443241274677 0.0408196936617 0.0396194514684 0.0410782645881 0.0433109719636 0.0443174777204 0.0360476187077 0.0398223812404 0.0400604819242 0.0401496900739 0.0420384923925 0.0434851617691 0.0406922907417 0.0411629296174 0.0424347906585 0.0444274301672 0.0436129166896 0.0417771149312 0.0464731371901 0.039876311791
66 859 0.0428619272469 0 0 0.0365227124698 0.0427759699329 0.0411160733206 0.0420806349202 0.0431014243713 0.0395854155669 0.0385569199195 0.0402690062079 0.0423202690052 0.042776348464 0.0351500523312 0.038858554325 0.0390656470794 0.039081342548 0.0407824908531 0.0423815279599 0.0393476246427 0.0401904702519 0.0412084030573 0.043364989356 0.0425990575976 0.0408496097052 0.0452575059052 0.0387957666346
67 872 0.0423627725396 0 0 0.0361427691475 0.0422432445533 0.0405951563414 0.0412675175472 0.0425516793219 0.0393232671828 0.0379758448513 0.0396230773194 0.0415225476581 0.0422045582059 0.0357182883809 0.0382421702448 0.0383774795438 0.0386224058809 0.040344297783 0.0421414684701 0.0389167276578 0.0396553881349 0.0405336283723 0.0427320977002 0.042243716371 0.0405526194268 0.0446417995502 0.0381892762859
68 885 0.0424789385405 0 0 0.0360679161175 0.0427934021448 0.0403056709362 0.0416073566775 0.0429187680801 0.039648449968 0.0377287018499 0.0399327432784 0.0416739625491 0.0428344812661 0.0358929114019 0.0383017881166 0.0384223622816 0.0386929373909 0.0404632996793 0.042029838752 0.0389192783227 0.0398098493933 0.040429104206 0.0425891449419 0.0424325255614 0.0412709338884 0.0446047315272 0.0381950077167
69 898 0.0418273041078 0 0 0.0350337077616 0.0423555629951 0.0398067161791 0.0407776053276 0.0423923972698 0.0393907417483 0.0369928890512 0.0394428577324 0.0411374327132 0.0422670913115 0.0352691797238 0.0371082983551 0.0377870636036 0.0382141314935 0.0401553858325 0.0416605411204 0.0380911319868 0.0389940019377 0.0397280373721 0.0416846532841 0.0418041909429 0.0403784837652 0.0439546549879 0.0377237842841
70 911 0.0407604522558 0 0 0.0339430241125 0.0414265284364 0.0388604203288 0.0397713763888 0.0413466576138 0.0384621787373 0.0362501723084 0.0386622204796 0.040197402188 0.0411800277374 0.0343629379979 0.0360067897735 0.0368286217255 0.0372123993558 0.0387553926134 0.040579326352 0.0368415883123 0.037924103942 0.0386510186906 0.0406723076231 0.0409753867171 0.0391367886139 0.0425860897842 0.0371240751992
71 924 0.04003172879 0 0 0.0332710056241 0.0408063144443 0.0381930834585 0.0390827969614 0.0404029179693 0.0378648468243 0.035502232433 0.0380078534617 0.0390979471302 0.0406348616369 0.0338004120659 0.0352426201803 0.0362681695364 0.0363972962436 0.0378881628207 0.0399246335184 0.0362196108356 0.037476689898 0.0379352259232 0.0401048007144 0.0403538595807 0.0383104298288 0.0418278003216 0.0364397629883
72 937 0.0394310412534 0 0 0.0328096579961 0.0401715393477 0.0376325092499 0.0385473146334 0.0397752784892 0.0372980156159 0.0350241360733 0.0374872667541 0.0388553681261 0.0402004057533 0.0332537583745 0.0349493965683 0.035466665681 0.0356462169722 0.037388880184 0.0393240134683 0.035762397867 0.0370034299347 0.0369367657918 0.0393362174426 0.0398258416762 0.0378214895958 0.0410420118779 0.0357979574108
73 950 0.0392381767096 0 0 0.0325749649347 0.0399180023667 0.0377621402489 0.0382353687728 0.0391846625708 0.0370815816346 0.0350413588218 0.0372110123872 0.0383326740362 0.0400480747447 0.0333431669989 0.0348759704422 0.0352745415516 0.0354303739169 0.0366157417772 0.0389949002091 0.0355831327404 0.036770134781 0.0368771350586 0.0390572832059 0.0396486633649 0.0374589702902 0.0408783572683 0.0355208401866
74 963 0.0387904335233 0 0 0.032040673933 0.0396822331208 0.0370882591107 0.0379022620352 0.0384883699671 0.036584716883 0.0346312380376 0.0365478139859 0.037818635015 0.0396751030401 0.0329219787301 0.0343361772264 0.0348943646115 0.0350755247798 0.0361624273806 0.0384860097129 0.0351034850985 0.0361815046005 0.0366782709245 0.0389346567979 0.0390179592639 0.0369980924954 0.0405216225693 0.0350317851234
75 976 0.037661941303 0 0 0.0309905437067 0.0384640761612 0.0361680647033 0.0367608575712 0.0371664088003 0.0355675743192 0.0335758848005 0.0354988307835 0.0368910010686 0.038693429525 0.031526074353 0.0332378306818 0.0338601632906 0.0340316357045 0.0353211953807 0.0372356805238 0.03407013764 0.0352395229053 0.0356974941879 0.0376852314455 0.0379519295911 0.0359082102662 0.0392264547528 0.0338637020328
76 989 0.0379833166397 0 0 0.0311203309867 0.038672330071 0.0369373853443 0.036823880819 0.0375350531334 0.0356499547794 0.0338620478712 0.0359324522687 0.0369906911476 0.0390888415193 0.0315972006705 0.0335634259479 0.034353120958 0.0342153366624 0.035610243596 0.0372630825794 0.0344240053734 0.0355512895833 0.0363987043329 0.0382989784547 0.0383431383645 0.0360569341841 0.0396580744088 0.0341498624692
77 1002 0.0385748803004 0 0 0.0315128968523 0.0395405317983 0.0380192224342 0.037208574105 0.0379377727727 0.0363844982966 0.034567989692 0.0365476207488 0.0377599102848 0.0397086332193 0.031958646875 0.0344638037081 0.0352342126401 0.0347729981475 0.0361767171781 0.037803607181 0.0349535393132 0.0360427722441 0.0369746959674 0.0387352821471 0.0389549697881 0.0363865951549 0.0401721211999 0.034800217853
78 1015 0.0388221568458 0 0 0.0317080100181 0.0399445896238 0.0386848292364 0.0374124935204 0.0380091288929 0.0365954883519 0.0348804092812 0.0367756887329 0.0379366621879 0.0398551087774 0.0319461584049 0.0346438421013 0.0356756420118 0.034828364758 0.0365826567918 0.0379515727608 0.0351492192975 0.03624398785 0.037102410643 0.0388537423496 0.0392439640965 0.0365691575926 0.0401588184773 0.0349865027302
79 1028 0.0395978902768 0 0 0.0318649899094 0.0405464011301 0.0399834044722 0.0385767327553 0.0388232802911 0.0374126119955 0.0355958574343 0.0374687217238 0.0384696218574 0.040768054199 0.0326094939192 0.0351965344155 0.0367251592836 0.0357013143817 0.0373377066325 0.038621320061 0.0358670236359 0.0370130165981 0.0377350282881 0.0396494823445 0.0400559765143 0.037261325843 0.0408658791969 0.0363414089251
80 1041 0.0401862609877 0 0 0.0323845575158 0.0412019668009 0.0404621733262 0.0391250694775 0.0396085205419 0.0374541379488 0.0361718498013 0.0378358455511 0.0389887673215 0.0410618859448 0.0331845658035 0.0356891234697 0.0372601646659 0.0362548177629 0.0378038962252 0.0396128764166 0.0363195328411 0.0376524122714 0.0382593553303 0.0400218810778 0.0407136065903 0.0377515173108 0.0415164454876 0.0369443469849
81 1054 0.041634011505 0 0 0.0334660651915 0.0427986675926 0.041890925492 0.0405425439084 0.0411412077225 0.0385362296066 0.0375521119115 0.0394033067845 0.0405593213217 0.0424900106893 0.0339491974612 0.037275942601 0.0389912462948 0.0374892107544 0.0390142549819 0.0413708823352 0.0377197596834 0.0390246962253 0.0394243813833 0.0416518825357 0.042250297929 0.0390439299473 0.0431386952456 0.0382220004067
82 1067 0.0425759102958 0 0 0.0339965218412 0.0437945438918 0.043011296472 0.0414735351021 0.0417954644838 0.0394438326195 0.0384395871597 0.0404265163769 0.0414640215519 0.0433259812336 0.0345151547696 0.0382143537971 0.040204668871 0.038455725064 0.0396206451285 0.0425044261991 0.0383589566478 0.0398424238788 0.0400283333862 0.0428457591052 0.043347771309 0.0399345465097 0.0442824909805 0.0390687649662
83 1080 0.0433293484195 0 0 0.034334970178 0.0446201120561 0.0439145643217 0.0421919760043 0.0424254642162 0.040274404459 0.0392103370307 0.0412064353969 0.0422018298424 0.0436168263152 0.0353711514739 0.0386795279846 0.0412342155016 0.0391646851958 0.0402354128608 0.0433247572994 0.0389482157514 0.0407710832378 0.0408327549837 0.0436874493675 0.0441136478191 0.0406015607245 0.0452349725825 0.0396864522702
84 1093 0.0445309879954 0 0 0.0353259904739 0.0460661275558 0.0448799099905 0.0432253546933 0.0434097550206 0.041365165789 0.0401408753664 0.0421447331244 0.0433442586252 0.0446142346149 0.0365155944437 0.0399382415268 0.0425567161931 0.0403153976466 0.0413249929472 0.044475584593 0.0401426886018 0.0422936373539 0.0419991822186 0.0447852912641 0.0453114225741 0.0413762425652 0.0464361526298 0.0407919235567
85 1106 0.0448415885529 0 0 0.0350778871607 0.0463790498244 0.0453793021084 0.0434679728799 0.0437009748117 0.0414285524415 0.0403846706472 0.0424429488398 0.0439234518281 0.0449150216625 0.0365462093996 0.040174022856 0.0428046276307 0.0405828629446 0.0414401032604 0.0447648088299 0.0404970443148 0.0427895519486 0.0422528979947 0.0451141037563 0.0454835165712 0.0416935583999 0.0468307069545 0.0409576921927
86 1119 0.0445142785129 0 0 0.0347999582668 0.04595268918 0.0451160087642 0.0432155087443 0.043291416438 0.0413398107583 0.0400570113172 0.0419542079749 0.0436416882078 0.0445882072333 0.036332797708 0.0398073546822 0.0420697020324 0.0402288794004 0.0416297768828 0.0446143845124 0.0401299912821 0.0424455548804 0.0419341910789 0.0447213757548 0.045211449682 0.0410339882044 0.0463639898144 0.0406581622671
87 1132 0.0445656996159 0 0 0.0347000344773 0.0461697303902 0.0457989497848 0.043020071067 0.0432579594921 0.0413385699573 0.0402797609509 0.0418685625795 0.0435848288798 0.0448075016971 0.0362241969462 0.039473779847 0.04232294255 0.0405913712669 0.0418677560632 0.0443003967802 0.0401085549389 0.0426579193077 0.0419600473155 0.0447348232885 0.0453814617685 0.0411630437648 0.0463953256397 0.0405275891098
88 1145 0.0439412296865 0 0 0.0341859860974 0.0457834863774 0.0452597744665 0.0423149832482 0.0425532787698 0.0408365087385 0.0396921174881 0.0411701586623 0.0429983185867 0.0445840682018 0.0360509731002 0.038733783214 0.0416392616458 0.0399770185237 0.0413071751967 0.0436683531174 0.0394290648979 0.0420698140509 0.0414189701399 0.0441508813347 0.0447940249197 0.0404851331623 0.0457622851267 0.0399249399272
89 1158 0.0439183290195 0 0 0.0341641773598 0.0461087470267 0.0453847567778 0.0422275535804 0.042234491605 0.0408726906303 0.0397606107152 0.0414957981692 0.0430072157151 0.0445437586678 0.0363310805579 0.0388149548315 0.0416992748311 0.0399075494179 0.0414834568807 0.0437345081891 0.0392631321617 0.0419151282649 0.0413265282769 0.0443531745646 0.0445887243031 0.0403152147148 0.0458671514324 0.0396113994633
90 1171 0.0426287213445 0 0 0.0330463479771 0.0447318833678 0.0440803925033 0.0405081928577 0.0410366496907 0.0395045649733 0.0384861837369 0.0401638882211 0.0417451546678 0.043592110996 0.0354632516558 0.0376650029214 0.0403139654717 0.0389102511694 0.0400136467926 0.042434700324 0.0377315392261 0.0404099965995 0.0398299625323 0.0430917667963 0.0431661538218 0.0391700365272 0.0443691189515 0.0384723245731
91 1184 0.0417162024388 0 0 0.0325645409688 0.0436708975308 0.0435559780932 0.0398649815379 0.0397773701488 0.0386691847105 0.0375748675249 0.0389757869963 0.0409911918152 0.0426739189776 0.0349913512358 0.0369565789513 0.0394830057877 0.0381765816696 0.0388101647226 0.041454812149 0.0367381993486 0.0397425847715 0.0389620067668 0.0422344746694 0.0421380836791 0.0382743492798 0.0433734454265 0.0376979770856
92 1197 0.0411665703362 0 0 0.0320956411822 0.0431737888651 0.0431657567839 0.0393712781858 0.0394209321545 0.0381332032155 0.0371479031314 0.0380518488756 0.040468076093 0.0423802089409 0.0346422006257 0.0365789510766 0.0388112961612 0.037376505071 0.0382941915886 0.0407732201962 0.0361075838745 0.0388574349481 0.0383763478944 0.0418854672093 0.0416289772712 0.0377294316369 0.0429187149846 0.0371178065714
93 1210 0.0399814781852 0 0 0.0306692028978 0.0415959856826 0.0419272770326 0.0380534534846 0.0381326054008 0.0370257279246 0.0358958120701 0.0370089014419 0.0393965104523 0.0412588937008 0.0335129351994 0.0357566509515 0.0376826506675 0.0363191633115 0.0369432590973 0.0395472677866 0.0350850448787 0.0375043678307 0.0373899979683 0.0407722016203 0.0404441850705 0.0365789089874 0.0417066527641 0.0360333888192
94 1223 0.0389642164545 0 0 0.0294489521043 0.0406167760195 0.0407727869609 0.0371788607193 0.0371366942447 0.0359723950053 0.0349697680202 0.0362252457561 0.0381401797637 0.0401488739991 0.0323886929805 0.0350280616044 0.0367431513933 0.0354656986136 0.0359892413617 0.0382248230822 0.0346070848328 0.0361936714182 0.0365466582933 0.0399177576103 0.0392894267812 0.0357066164269 0.0405298191358 0.0352530863979
95 1236 0.0381596471594 0 0 0.0285504086455 0.0397556001771 0.039874153955 0.0362245194583 0.0364669476923 0.035201263848 0.0343197804748 0.0354885957169 0.0375253170658 0.0394207335559 0.0313787117348 0.0341077018438 0.0359245152075 0.0347692553441 0.0352102538401 0.0374496170737 0.0342008415687 0.035296676618 0.0358461396913 0.0393572993558 0.0383762367584 0.0348602247938 0.039854931428 0.0348813628567
96 1249 0.0368918379167 0 0 0.0275071925874 0.0382456208088 0.0385064628195 0.0349262886628 0.0353874533123 0.0337470990266 0.0331697599343 0.0341890566103 0.0361143576201 0.0381221438121 0.0304035409727 0.0328142198097 0.0345312696121 0.0334593771405 0.0340058948429 0.0363071156475 0.0330998684019 0.0344614269491 0.0346594851591 0.0382573445591 0.0369844352305 0.0335071188815 0.0386459379146 0.033895250915
97 1262 0.036489300583 0 0 0.0271841528294 0.0378485364199 0.0379850213065 0.0345807163771 0.0351720431969 0.0329926354508 0.0327896064189 0.0338010478421 0.0358702314348 0.0377038238555 0.0298335016452 0.0330089003506 0.0340819857944 0.0330340629898 0.0333629553256 0.0356801204973 0.032753020457 0.0341649142859 0.0342266202346 0.0379539917406 0.0363861009974 0.0331404969524 0.0383734002823 0.0336036120832
98 1275 0.0351281381135 0 0 0.0256580690018 0.036382147079 0.0365991861311 0.0331946323949 0.0338541930495 0.0315279622594 0.0314160577258 0.0326055000853 0.0344042332194 0.0363231618211 0.0286415589455 0.0319071945839 0.0326272416596 0.0319569941771 0.0321350746343 0.0344045925841 0.0315691864633 0.0329702793569 0.0329716258882 0.0366355210704 0.0349878593018 0.0317403095219 0.0370045846006 0.0324948189754
99 1288 0.0346566438489 0 0 0.0252762982936 0.0356489495103 0.0360984994303 0.0326893933418 0.0334279792896 0.0311341692851 0.0308277688257 0.0322220458301 0.0337268715388 0.0358763601162 0.0282380872504 0.0316833061375 0.0322499649946 0.0315076013822 0.0317904913567 0.0339558490958 0.0312002564053 0.0323719451491 0.0325469312147 0.0361556788216 0.0344998938623 0.0312958417392 0.0364456440305 0.0321025687626
100 1301 0.0345797429843 0 0 0.0251357434509 0.0356108879551 0.0357820657473 0.032726734498 0.0332328595506 0.0311550410242 0.0308068333371 0.0323462032706 0.0334580008714 0.035975803172 0.0281617377043 0.0319864883659 0.0322051118483 0.031376745515 0.0316239632808 0.0338375644688 0.0309475722204 0.0323224561577 0.0324582071664 0.0361736827388 0.0345343245912 0.0312895079239 0.0363278062039 0.032141978478
101 1314 0.0338552679198 0 0 0.0246098528325 0.034897394025 0.0352259837982 0.0318023824086 0.0325587243056 0.0299429719782 0.0301794961211 0.0316403003404 0.0326587112667 0.0350587874867 0.0275682960906 0.0314213489708 0.0316589190689 0.0308618257592 0.0308891147237 0.0331896291429 0.0303221597075 0.0316972667066 0.0317591733965 0.0355240952536 0.0340418921153 0.0306734124559 0.0355818402051 0.0315402340766
102 1327 0.033156501664 0 0 0.0241831392552 0.0338969105949 0.0345731217244 0.0312056623287 0.0316738278058 0.0295208845218 0.0296308362112 0.0313116385009 0.0318784756007 0.0342461953215 0.0269937993799 0.0308107032216 0.0307662670075 0.0301768042972 0.0302023161374 0.0325479826289 0.0294190480327 0.0310436802415 0.0309662768957 0.034784326777 0.0334095594855 0.0298265531855 0.0348072498094 0.0310091040891
103 1340 0.0332285756706 0 0 0.0242025233721 0.0340873295674 0.0341884347127 0.0312628646776 0.0316151263348 0.0294230575671 0.0296151591916 0.0314986813115 0.0319284354349 0.0342437384209 0.0269610963822 0.0311296460843 0.0308838877566 0.030227630649 0.0303777730627 0.0325513977857 0.029565029262 0.0311013473338 0.0309635170241 0.0349536587849 0.0335096461943 0.0298149222374 0.0349952561305 0.0309391834131
104 1353 0.0333146815217 0 0 0.0242453306928 0.0340631526155 0.0343312357035 0.0313202815484 0.031711498149 0.0294347161537 0.0298402996 0.0316088286936 0.0318866299423 0.0343269326677 0.0269416590453 0.0313405174579 0.0308415809978 0.0302734912283 0.0303786046154 0.0326139820746 0.0300766234455 0.0312822809059 0.0310138061069 0.035187098422 0.033583456845 0.030000309892 0.0349046706088 0.0311345779418
105 1366 0.034745805119 0 0 0.0252966965507 0.0355404527165 0.0357395051326 0.0327634732969 0.0330762639334 0.0305725043566 0.0311300659338 0.0328649107963 0.0331830386163 0.0357688583938 0.0280848384562 0.0326997123677 0.0321223669335 0.0313360383499 0.0317006901009 0.0336343431048 0.0317178580808 0.0331488225725 0.0322429470949 0.036826175356 0.0350443967717 0.031298178737 0.0362086084895 0.0324633544427
106 1379 0.0352056153163 0 0 0.0255852387541 0.035965101786 0.0362774752383 0.0332182804639 0.0336237296114 0.03083888895 0.0315219007834 0.0332331451733 0.0336203299206 0.0361815579293 0.0284502975652 0.03315331554 0.0325340641641 0.0313049443404 0.0320539059896 0.0339769901478 0.0322399411914 0.0334724510207 0.032665367557 0.0372855817691 0.0356807262759 0.0317054708655 0.0367103465643 0.0329570671371
107 1392 0.0342634345571 0 0 0.0248213404323 0.034706061274 0.0349827834465 0.0322531990728 0.0327618340707 0.0295880223043 0.0308908915267 0.0322544710114 0.0327889843684 0.0352553856151 0.0276349696959 0.0321238359837 0.0317303309467 0.0304378999921 0.031193520816 0.0332569162053 0.0316041798057 0.0327014957614 0.0317265732349 0.0363456528245 0.034786426231 0.0310174905305 0.0358456398326 0.0319372171804
108 1405 0.0334317295406 0 0 0.0241590590135 0.0339002434049 0.0341971605452 0.031491930926 0.0319270207709 0.0285290744915 0.0301829615674 0.031463973987 0.0319928601938 0.0345058133877 0.0269591194918 0.031211403216 0.0307132640481 0.0296446333382 0.0304733188372 0.0322669071698 0.0309323669099 0.0320537731631 0.0310600298967 0.0354277698195 0.0336634647445 0.0304479617222 0.034801292231 0.0313167914295
109 1418 0.0322641393162 0 0 0.023256097955 0.0326907535181 0.0330870453162 0.0304102628361 0.0305305491919 0.0274908573679 0.0291240181585 0.0304892227768 0.0308842878306 0.0333749154464 0.0259953715436 0.030149184695 0.0296512318064 0.0284863681116 0.0294494161234 0.0312257598194 0.0299804935948 0.0308546044083 0.0299916710986 0.0342621718417 0.0324103282915 0.0292133753419 0.0333754948802 0.0301736213117
110 1431 0.0317348769133 0 0 0.022765663531 0.0320332219206 0.0324949323495 0.0299439279586 0.0302188061915 0.0270314833455 0.0286467092275 0.0298442552581 0.0301915480285 0.0326703131524 0.0254533859484 0.029761770509 0.0291281422338 0.0279586430714 0.0290003621126 0.0307644906951 0.0296093403952 0.030239931874 0.0292744538362 0.0336433756123 0.0317030428002 0.028716053485 0.0328333227866 0.0296459534062
111 1444 0.0314616617999 0 0 0.0225256497681 0.0317238413486 0.0323005954435 0.0294050807434 0.0301610994078 0.0269028677575 0.0285114853307 0.0294383136654 0.0300690064999 0.0322978413141 0.0252042795987 0.0294992889199 0.029032245447 0.0276706196695 0.0287302883564 0.0303707957405 0.0290774552955 0.0301839636336 0.0288949509787 0.0334095583653 0.0313048310718 0.0283021987972 0.0322713063291 0.0292763504589
112 1457 0.0316045638383 0 0 0.0227263852245 0.0318154984433 0.0325476841005 0.0292504595027 0.030710527188 0.0270310602143 0.0287187467675 0.0296150284665 0.0300820983931 0.0324686889578 0.0253805456059 0.029694435311 0.0292861486505 0.0278063844064 0.0288125891821 0.0304499733392 0.0291478547702 0.0304282956631 0.029004317761 0.0334361974966 0.0314805522612 0.0285209018086 0.0323861401944 0.0294375944836
113 1470 0.0319079883155 0 0 0.0228524867628 0.0318231243022 0.0327645612168 0.0293969859829 0.0310141350423 0.0272168780565 0.0290066833632 0.029818024121 0.0303013082269 0.0328876287339 0.0256054882543 0.0300943693137 0.0295648639698 0.0278835158934 0.0289825515928 0.0306544791956 0.0293320514634 0.0309145492101 0.0292673715251 0.0338673089619 0.0319616047975 0.0289009503249 0.0327436977026 0.029659047418
114 1483 0.0316847111193 0 0 0.0225411151563 0.0314477194341 0.0324531334186 0.0290884647402 0.0306606638866 0.027029616549 0.0286599587326 0.02965713805 0.0301873121522 0.0326824741871 0.0254348088048 0.0297780483795 0.0294253359752 0.0276204582762 0.0288116055807 0.0304928527287 0.029039711935 0.0306380879738 0.0289860686559 0.0337152816002 0.0318400994628 0.0286910097752 0.0324666672044 0.0293758842082
115 1496 0.0315403724858 0 0 0.022401310498 0.0310195658951 0.0323514616353 0.0286108343104 0.0304446650506 0.0268971547169 0.0285462964959 0.0294903547056 0.0298567467015 0.0325728335063 0.0252562492017 0.029670655122 0.0290811321352 0.0274403078689 0.0285233480025 0.0303315959652 0.0288105272406 0.0303445536705 0.0289376090262 0.0335172813185 0.0318588227986 0.0284334955955 0.0324921190848 0.0291973250573
116 1509 0.0307772050211 0 0 0.0216859153021 0.0303971130555 0.031797948419 0.0276427882542 0.0299120270359 0.0262421358503 0.027716021956 0.0288842451722 0.029156377328 0.0316954641621 0.0246316028059 0.0288952909801 0.0282903181699 0.0268561982191 0.0277914115596 0.0295939475935 0.0280711642759 0.0296556447255 0.0282804958447 0.0327274493466 0.0312957975576 0.0277534724213 0.0315050242185 0.0285968494109
117 1522 0.0301973484298 0 0 0.0212928454975 0.0298551762419 0.0311039412367 0.0270371195427 0.0294026810345 0.025732171067 0.0270471046964 0.0283074237515 0.0286989498704 0.0309318669969 0.0240518250945 0.0285913159313 0.0276452204333 0.0261600795748 0.0272108884873 0.0288703833867 0.0275606988391 0.0290977911956 0.0277915751765 0.0321903103114 0.0309132985548 0.0272228946793 0.0309717889521 0.0279732253679
118 1535 0.0295929515195 0 0 0.0207405075819 0.0291859439583 0.0302877302969 0.026322255055 0.0287302970284 0.0253762228489 0.026551257893 0.0277893938703 0.0279425246485 0.0303568049754 0.0235590019101 0.0280844367193 0.0270954695764 0.0255212372869 0.0264959768105 0.0283073578695 0.0268824848012 0.0284401950862 0.0270483369035 0.0313373275798 0.0304186871397 0.0266537498899 0.0303375657054 0.0272056062783
119 1548 0.0284383677985 0 0 0.0198094676836 0.0280909413573 0.0288574791025 0.0252464722316 0.0274152352926 0.0244880351269 0.0255417902594 0.0266704730819 0.0268203387684 0.0290878193243 0.0225766303348 0.0271136892317 0.0257452229741 0.0244920493954 0.0254125070635 0.0271832939131 0.025758589595 0.0271598499651 0.0260067718572 0.0300950774118 0.0291858794403 0.0257997202996 0.0292258568149 0.0261366741658
120 1561 0.0275339262031 0 0 0.0190150133497 0.0270819250777 0.0280956851114 0.0241818633205 0.0264122651819 0.0237364213178 0.0247245254022 0.0258767622145 0.0259172181428 0.0279537718644 0.0217544533246 0.026246227911 0.0249929381219 0.0237016547617 0.0244909406608 0.0262898088207 0.0251243256605 0.0262983786335 0.0251409453944 0.0291200784918 0.0282235802055 0.0250092908189 0.0282667249317 0.0252684288466
121 1574 0.0273691490711 0 0 0.0188809081756 0.0271224290336 0.0278187873282 0.0242774235716 0.0262742869317 0.0235967765159 0.024625582967 0.0258367189048 0.0258505589035 0.0276846578752 0.0217636403577 0.0259804980289 0.0248533501886 0.0234990049083 0.0242941377052 0.0260132930936 0.0248990894432 0.0261579530308 0.0249866322045 0.0287372707414 0.0281705130833 0.0248577789977 0.0277254977511 0.0251513297813
122 1587 0.0265197031378 0 0 0.0180803989713 0.0264428656201 0.0270246546772 0.0235332091307 0.0254637430479 0.0229025022713 0.023980984607 0.0249374892455 0.0250830098626 0.0268758442816 0.021034600712 0.0251428750627 0.0241151605486 0.0227229528468 0.0235489547482 0.0251238966237 0.0239083803121 0.0253024713887 0.0243133566871 0.027782725619 0.0271902823713 0.0241146480678 0.0268237504645 0.0243646449185
123 1600 0.0258319838679 0 0 0.0176628984243 0.0256410013771 0.026183629216 0.022838387607 0.0248096160188 0.0221255052552 0.0233214311154 0.024057339719 0.0245839647373 0.0261673994092 0.020562628837 0.0247143318601 0.0236183629594 0.022090490732 0.0229642130448 0.0244057070227 0.0232559278774 0.024656968805 0.0237812371586 0.0270207346749 0.0264830385504 0.0234866755162 0.0259846942293 0.0237373742
124 1613 0.0252646008436 0 0 0.0169705035853 0.0251001384909 0.0256371143831 0.0222152323193 0.0241583161699 0.0217865653375 0.0228196956806 0.0235490505057 0.0240693005463 0.0256250493444 0.0201271395872 0.0242597710412 0.0230118507693 0.0215598161802 0.0224092090516 0.0238372789131 0.0226527369415 0.0243120961844 0.0232165461777 0.0265878383666 0.025845514406 0.0229288137258 0.0253226346621 0.0234877292881
125 1626 0.0245004896905 0 0 0.0163364586007 0.0243305803415 0.0249043780561 0.0215787050051 0.0233827767582 0.0210561854642 0.0221976384591 0.0227195564297 0.0233172317339 0.0248340035674 0.0197042845903 0.0234726584263 0.0222274376224 0.0208055867999 0.0215811085703 0.0229292796952 0.0217880790517 0.0235042657696 0.0225758105761 0.0258088204177 0.025126075548 0.0222406553092 0.0244599195227 0.0227747611066
126 1639 0.0231623743898 0 0 0.0154721043222 0.0230254578671 0.0236545501308 0.0204900125888 0.0219317435402 0.019922564856 0.0209778614152 0.0214346328029 0.0220605310679 0.0235305791062 0.0185694297304 0.0220029514417 0.0209707850605 0.0194941184716 0.0202914900889 0.0217233008196 0.0205870747081 0.0222742516138 0.021394762908 0.024484326265 0.0236130950965 0.0210560332227 0.0231820213549 0.0214897316315
127 1652 0.0227039308892 0 0 0.015202897032 0.0225070511373 0.0231773474631 0.020137465427 0.021473266724 0.019492105521 0.0204353046683 0.020923830827 0.0218937335439 0.0229065655077 0.0181941631165 0.0215314894401 0.0203846424005 0.019078648075 0.0201549950208 0.0215032623482 0.0203353319816 0.021820575748 0.020938859554 0.0236300709048 0.0231187303028 0.0206416419853 0.0228868902177 0.021100419198
128 1665 0.0223965753492 0 0 0.0150261928897 0.0222191609394 0.022803540295 0.019893508006 0.0212097923657 0.0192313690343 0.0200763128526 0.0205974171155 0.0216586089971 0.0225174790565 0.0179869837961 0.0212704131054 0.020104466903 0.0187583011447 0.0199478294963 0.0212466605643 0.0201529199 0.0215170087678 0.0207455538436 0.0232882915042 0.0227693725087 0.0202519532609 0.022619478093 0.0207034204133
129 1678 0.0220029838658 0 0 0.0147565021556 0.0217051753457 0.0223739450596 0.0195497101836 0.0207482377631 0.0189761614252 0.0197238901826 0.0202185714008 0.0213705522003 0.0220787082338 0.0176492483245 0.0207859599838 0.019773509535 0.0181972972452 0.0195721178744 0.0209347293188 0.0199295548662 0.0210912280234 0.0204853543839 0.0230438468013 0.0223154817064 0.0198664854356 0.0222261659975 0.0203031285521
130 1691 0.021996047103 0 0 0.014807188094 0.0216036361682 0.0222218074744 0.0194638724344 0.0206955631007 0.0189752126973 0.0198060723821 0.0201905135464 0.0213187164234 0.0223181957558 0.0176884996655 0.0207353414126 0.019787054001 0.0181994836263 0.0195302747281 0.0209156483995 0.0201787094451 0.021121923782 0.0204991609835 0.0231175791167 0.0222821230996 0.0198562248228 0.0222744021515 0.0203610060445
131 1704 0.0214882789565 0 0 0.0145050511093 0.0210391380229 0.0216595479257 0.0187737030788 0.0199971034207 0.0185354140164 0.0196135419695 0.0196488301237 0.0208089318942 0.0218090601634 0.0172797198684 0.0202445232971 0.0193389979838 0.0178577137725 0.0190519176837 0.0204719614252 0.0196986557585 0.0205321840354 0.0204181715034 0.0226314895239 0.0217648984792 0.0193775961223 0.021618353585 0.0198220987117
132 1717 0.0202994860278 0 0 0.0135959017006 0.0198166681102 0.0204316311446 0.0176699713375 0.0187866046597 0.0174901538845 0.0185219360361 0.0185088108324 0.0197433050381 0.020605504072 0.0162954069642 0.0190639526558 0.0182719274732 0.0168382048471 0.0179904799085 0.0193888259924 0.0185341680595 0.0192173621763 0.0191423915357 0.0213587700205 0.0206258598882 0.0183048355191 0.0203992372626 0.0187780448301
133 1730 0.019352947317 0 0 0.0129673871867 0.0188644437058 0.0194802282802 0.0167675220395 0.0178362298869 0.0166517847943 0.0176673549515 0.0176892978472 0.0188970073506 0.0195381407324 0.0153293687894 0.0181545083892 0.0174467904253 0.0160022388639 0.0171579510153 0.0184928123527 0.0175460892765 0.0182721743654 0.0181926454064 0.0204258390897 0.0197001618882 0.017500721386 0.0194951225163 0.0179878057181
134 1743 0.0183801292805 0 0 0.0122216506489 0.0178756571103 0.0184698976793 0.0158242023534 0.0168141369512 0.0158695530935 0.016774652594 0.0168280113412 0.0179874372057 0.0185890974322 0.0145455084479 0.0171089841797 0.0163870576275 0.0152283792958 0.0163034049628 0.0175171824328 0.0166471124285 0.0173441149283 0.0172822798835 0.0193371643587 0.0187352280076 0.0166125814123 0.0183571639787 0.0170980989444
135 1756 0.0177133671111 0 0 0.0117623378752 0.0170648352427 0.0177922144635 0.015248446354 0.0161123009427 0.0153144620316 0.0161021631541 0.0162553911078 0.0173304190441 0.0179913886863 0.0140063113239 0.0164415463272 0.0157116130634 0.0146218641511 0.0157193355251 0.0169621994046 0.0159663549319 0.0167227542704 0.0165464291453 0.0186517454757 0.017971736815 0.0160176411792 0.0177186177789 0.0164441706652
136 1769 0.0173522785439 0 0 0.0115914814952 0.0167101358603 0.0174250703427 0.0148244898845 0.0157559979178 0.0150587605087 0.0158057045062 0.0158275708881 0.0170271729278 0.0176205085964 0.0137160650342 0.016096886961 0.0153677355266 0.0142996653855 0.0154106496137 0.0168425521207 0.0154649807949 0.01642620267 0.0162194085105 0.0181153563049 0.0175694156494 0.0157298950903 0.017361795735 0.016064252652
137 1782 0.0170891813062 0 0 0.0114008643673 0.0162543824304 0.017130183098 0.0146382553018 0.0154645729067 0.014771979342 0.0154903063813 0.0155248517171 0.016878399061 0.0173611009581 0.0135029769373 0.0158714131144 0.0151481612871 0.0140333818619 0.015182815294 0.0166631013859 0.0152185062971 0.0160640068866 0.0159631020861 0.0178149237803 0.0172479253279 0.0155301478185 0.0170603559491 0.0157897402667
138 1795 0.0166794487245 0 0 0.0111022603713 0.0157658142267 0.0165780684436 0.0142755141582 0.0150109570899 0.0144642574962 0.0151354357367 0.015191690329 0.0165929647742 0.0169015160094 0.013171082446 0.0154509594916 0.0148978960971 0.0136601149506 0.0146246424597 0.0162851225617 0.0148770487772 0.0156889416775 0.015624361029 0.0172858767025 0.016700643298 0.0151287556382 0.0166013632724 0.0154527196884
139 1808 0.0163876101271 0 0 0.0109064363332 0.0156760758648 0.0162861987031 0.0140581948604 0.014739576664 0.0142835756215 0.0148050374323 0.0149204926561 0.0161126112987 0.0165902304614 0.0129624191843 0.0152331536401 0.0146468891036 0.0134254839133 0.0143992133726 0.0160137009519 0.0145942485792 0.0151881516598 0.0151842090271 0.0169555976563 0.0164144027685 0.0149256455082 0.016328837372 0.015206690978
140 1821 0.0155459202846 0 0 0.0103600185772 0.0148060531763 0.0153116896802 0.0133268063408 0.0138620139852 0.0134142981185 0.0139797783731 0.0141447756712 0.0152441559974 0.0157352877377 0.0123331605622 0.0144866943512 0.0139754429593 0.0126891794694 0.0136548273081 0.015120346036 0.0138520523954 0.0143428533614 0.0144213344898 0.0161068234967 0.015561285357 0.0141714468524 0.0154337574968 0.0143801546175
141 1834 0.0153678798627 0 0 0.0102152564076 0.0146484730335 0.0151573228641 0.0131737482606 0.0136749565675 0.0132441830851 0.0138392879697 0.0139723440233 0.0151108684026 0.0155682939339 0.0121726928381 0.0142500719367 0.0138589961499 0.0124960620091 0.0134974734377 0.0149895812209 0.0136855482017 0.0140794491234 0.0142809624926 0.0159814178959 0.015590072212 0.0140324465678 0.0152394955925 0.0141847300424
142 1847 0.0153775344902 0 0 0.0102912380191 0.0146071606926 0.0152291977121 0.0132610962413 0.0138134776111 0.0132959474844 0.0139595296774 0.0138947055246 0.0151674692929 0.0155685584979 0.0121715197717 0.0141869513409 0.013766750359 0.0124455829506 0.013475442316 0.0149938042807 0.0138006237544 0.0140363065903 0.0142561233011 0.0159755983544 0.0155715226364 0.0139873786448 0.0152313009743 0.0142349996657
143 1860 0.0151024954496 0 0 0.0101261333591 0.0141691185015 0.0148945786328 0.0130446827853 0.0136425877661 0.0130712622895 0.0137382274028 0.0137682895388 0.0149249507473 0.0152896123591 0.0119955376521 0.0139778543564 0.0134797223475 0.0122302322535 0.0132090555774 0.0146920862172 0.0135545178154 0.013795039376 0.0138725055046 0.0156548742994 0.015436403024 0.0136995722449 0.0149697369541 0.0140483989455
144 1873 0.0152788069888 0 0 0.0103365487837 0.0142941196878 0.0150793706318 0.0132519869499 0.0137540179947 0.0134178566082 0.013994431959 0.0138724672368 0.0150898617252 0.0154117124794 0.0121952542497 0.0141762536199 0.0135426631035 0.0123278345622 0.0133721945095 0.0148713357761 0.0137154080072 0.0139817434553 0.0140640794966 0.0158289108577 0.0157210156664 0.0138196042976 0.0153069237137 0.014209542574
145 1886 0.0151241753025 0 0 0.0101902667369 0.0141501517345 0.0148877955224 0.0131888551186 0.0135321971696 0.013382275589 0.0138579633922 0.0137395031115 0.0148812667199 0.0152776989868 0.0120701764474 0.0139950715814 0.0133223964844 0.0121916849492 0.0131186286473 0.0146666692385 0.0135663826858 0.0137626620018 0.0138788640089 0.0156113891027 0.0156041358353 0.0136266120017 0.0151848390465 0.0140711801258
146 1899 0.0148997664803 0 0 0.00998035339265 0.0138976685619 0.0146266949651 0.0131309858738 0.0133644946348 0.0132611743609 0.0136367018923 0.0135258441502 0.0147273571636 0.0149897094027 0.0118638118695 0.0138533669589 0.0130787677272 0.0119247979398 0.0130249647186 0.01443927968 0.0133702566801 0.0135400927044 0.0136194842706 0.0153494391486 0.0153687352681 0.0133866366103 0.0149850497678 0.013829975608
147 1912 0.0150798917415 0 0 0.0102014488726 0.0141499823352 0.0148382677242 0.0133978903022 0.0135267952963 0.0134879116039 0.0137690230988 0.0136946336984 0.0148723085469 0.0151448946619 0.0119698603431 0.0139341711669 0.0132680794976 0.012074942339 0.013169022687 0.0146044788897 0.0135079811511 0.0136769660092 0.0137770840941 0.015508093213 0.0156151860956 0.0135651025976 0.0150765342968 0.0140332939908
148 1925 0.0153715795781 0 0 0.0105251880629 0.0144033688375 0.0150995315477 0.0136781488245 0.0138504463484 0.0137974578991 0.0141002562221 0.0141312459743 0.0152092696237 0.0154174934228 0.0121622735802 0.0141878717733 0.0135197259081 0.0123766211662 0.0133210666699 0.0148731212091 0.0138492016502 0.013906522157 0.0140351689167 0.0157587760907 0.0158674363991 0.0138573347548 0.0153126724465 0.0142623354375
149 1938 0.015708532421 0 0 0.0107477267942 0.0147355099674 0.0153609002814 0.0140987383627 0.0141697980635 0.0141715551878 0.0144755534162 0.0145071306462 0.015426910732 0.0158819286634 0.0123987649742 0.0145885356567 0.0136422801663 0.0128453950419 0.0136588866923 0.0151761779246 0.0140708894277 0.0142627975381 0.0143040011004 0.0160885446813 0.0161882981318 0.0141253584221 0.015635429285 0.0145130760561
150 1951 0.0155708033294 0 0 0.0105893562151 0.0146124614178 0.015334160983 0.0140688530537 0.0139951175099 0.0140187789557 0.0143711969856 0.0144924814549 0.015329524966 0.0157330988464 0.0123186776985 0.0145009352776 0.0135289609911 0.0127935020832 0.0135873447794 0.0150053878496 0.0139168884946 0.0141135205388 0.0140716332914 0.0160156184005 0.0159706388574 0.0138952463363 0.015469059363 0.0144060569103
151 1964 0.0154886794684 0 0 0.0105972437981 0.0145665438113 0.0152322014793 0.0140877818891 0.0139214318705 0.013925919647 0.0142482820836 0.0145063375004 0.0152044730605 0.0156212450321 0.0123009298125 0.0144230395899 0.0135723179145 0.0127569294662 0.0135002657818 0.0149738242482 0.0137946885162 0.0140310762958 0.0140426925908 0.0159255159972 0.0158178371218 0.013839770181 0.0153150568488 0.0143304197914
152 1977 0.0154915388184 0 0 0.0106801121742 0.0145643866617 0.0151462202174 0.0141501095661 0.0138903710879 0.0138613517736 0.0142211561385 0.0145999727373 0.0152405822909 0.0154981569832 0.0122909504768 0.0144409383769 0.0135256793551 0.0127322926794 0.013482445183 0.0150733535015 0.0138118962506 0.0141546228334 0.0140505074537 0.0158549056989 0.0158239300158 0.0138080716447 0.015363748111 0.0143559477624
153 1990 0.0154098243171 0 0 0.010609604997 0.0144880171711 0.0150968924957 0.0141495541113 0.013786051728 0.0137673982627 0.0141599190805 0.0144732779886 0.0150899528317 0.0154171220473 0.0122193964954 0.014399990006 0.0135175400105 0.0125863858626 0.0134389112181 0.0149525053769 0.0138495657497 0.0140995118485 0.0140864600972 0.0157319086811 0.0155590210289 0.0137612029713 0.0151012244679 0.0142337286043
154 2003 0.0154299025138 0 0 0.0105214870479 0.0146161950933 0.0151486710321 0.0141346332267 0.0137989511336 0.0137310467347 0.0141920457953 0.0144381497697 0.0150229810619 0.0154934660111 0.0121952925352 0.0144028537294 0.0135530279794 0.0125821799102 0.0133594802401 0.0150052079326 0.0139076195187 0.0141414447832 0.0142636089875 0.0157665850843 0.0155629640962 0.0137519853957 0.0151059302569 0.0142404988168
