% # iter+eval+sigma+0+fitness+xbest, seed=342690, Mon Feb 27 12:00:26 2017
1 14 0.187561927194 0 -0.663693130016 0.656381782002 0.742275101854 0.714363652011 1.20442407881 -0.7350820888 0.119984392698 0.362408774871 -0.13168842303 0.0933342704228 -0.314524181537 0.875322052732 -0.424607786243 -0.224439016023 0.287481365597 0.472945685759 0.348729164031 -0.0366934835865 0.190436851439 0.0418016441371 0.706361034583 0.0771174443541 0.0355391142117 -0.289548866441 -0.0896307805852
2 27 0.180721801779 0 -0.786702811718 0.766594798421 0.721395826825 1.04534215524 1.13627435618 -0.853859102282 0.147179704004 0.240652719067 -0.235233708386 0.378175710971 -0.557880196145 1.14928799151 -0.318708878097 -0.314336451026 0.320560303095 0.357045449411 0.586651079772 -0.0101955940789 -0.261694633618 0.0954518472655 0.496213342952 -0.225838250555 0.200061985558 0.10229976008 -0.155698699937
3 40 0.17273942988 0 -0.861546337605 0.958312428284 0.846333067583 0.821496133184 1.12312498689 -0.584072791276 -0.209038206139 0.0400426934037 0.0589472067456 0.451246643244 -0.734282031192 0.888762356171 0.0579470739707 0.0240627385772 0.169415673253 0.390729053876 0.771647469799 -0.084346564847 -0.226228289665 0.0406847393887 0.306421097291 -0.0492384925803 0.226050788811 0.194280178363 -0.129567181109
4 53 0.166900162603 0 -0.859134435654 0.554947859911 0.894951696346 0.916533993496 1.11617229388 -0.610038411453 -0.0647289546337 -0.0309887045759 0.27698300358 0.485732511594 -0.742055698174 0.813114009304 0.0723272756092 -0.207523714744 0.274446306098 0.365494089284 0.915945732854 -0.231396255711 -0.0435295172712 0.10311440119 0.541222325521 0.0526378195212 0.290089213385 0.198862630744 0.112563508759
5 66 0.165290667468 0 -0.917405128479 0.802721758856 1.09553451753 0.677224627193 1.31557355915 -0.86205234816 -0.104996366151 -0.00444236410036 0.20039433326 0.348118720348 -0.626687036909 0.862817794516 -0.103011134819 -0.239390199537 0.403568314362 0.526884191421 0.628729913347 -0.0678828559843 -0.205031189284 0.151828340384 0.384608534613 -0.139664191494 0.106988921671 0.540138696549 0.148870285721
6 79 0.163330097686 0 -0.820979118347 0.802973367351 1.12288287985 0.793899726748 1.09229075329 -0.941338447291 -0.192356896869 0.0209311476316 0.228422093103 0.769323803399 -0.754369775664 0.813985285211 -0.0299907944163 0.303039160939 0.319184970344 0.395813473468 0.571639400187 -0.123211492435 0.180949040992 -0.0609246127001 0.281602262838 -0.0973428088786 0.184934510013 0.294050268063 -0.149616709928
7 92 0.163159525038 0 -1.00807631016 0.740665378785 1.14865444793 0.771558319667 1.45221345632 -1.06196274517 -0.341366621982 -0.109106328892 0.396358338344 0.628428789765 -0.667442376246 0.984495620817 0.067147449245 -0.0611254226443 0.218997564071 0.769606027305 0.696357914167 -0.153092328481 -0.093589706765 -0.110659426853 0.260596933185 -0.145004496394 0.174815758471 0.342301906367 0.0354458496234
8 105 0.160481066799 0 -0.931836664677 0.792885843396 1.30033614789 0.690228080789 0.999129339545 -0.923735943959 -0.267599277609 -0.0913843269756 0.147095269248 0.246622707031 -0.685514702569 0.778808423631 -0.396697900732 0.216681630123 0.242701306961 0.507643661836 0.737770925047 -0.300461384226 0.00579574503676 0.179469066866 0.140827078788 -0.0329008194493 0.0373197396541 0.333398377928 -0.14537335998
9 118 0.158978101966 0 -0.997037231922 0.666081151974 1.18548232146 0.80959939244 1.06823974797 -0.940924162188 -0.0576044663402 -0.281055885221 0.183728948601 0.879484007619 -0.759737150041 0.872347277275 -0.141811348434 0.192279326202 0.456568181333 0.524614527984 0.853074033223 -0.0586162353044 -0.352755934798 0.158697268215 0.281131222197 0.0875832199845 0.0399151766929 0.276059097615 0.258427413011
10 131 0.160377643837 0 -1.06008207798 0.533025015156 1.35333225991 0.968699543723 1.04446470589 -0.92548544401 -0.12818230642 -0.152352346958 0.367635528427 0.791371059099 -1.15551614801 0.661005375259 -0.42353865506 0.259235703426 0.471946975305 0.453592716694 0.61122208286 -0.390946518766 -0.184721430487 0.216389492053 0.34716317102 0.0705462902455 0.0152924995396 0.30642816495 0.315716319433
11 144 0.160810295678 0 -0.978407204151 0.476101221196 1.32008232857 1.18611835253 1.22150122147 -1.16674645827 -0.0237712559636 -0.00770565266515 0.32362834788 0.748195954099 -0.953987010441 0.829089792049 -0.178675211896 0.312577227642 0.540872851383 0.396131647173 0.64580394034 -0.264899569236 -0.311779179288 0.151210200039 0.0698569885452 -0.354635192747 -0.0475365492549 0.526393759395 0.323418343152
12 157 0.160658772507 0 -0.887263834476 0.468134435745 1.27764316212 0.984568656674 0.948867290043 -1.12932941018 -0.119287396089 -0.453117147773 0.438462839581 0.477880412035 -0.750360412 0.711676601458 -0.268573263705 0.342216682751 0.569041337916 0.519994915514 0.751251343428 -0.34617832916 -0.320363134106 0.0144286429043 0.196858829181 -0.0798419552985 -0.117657183042 0.42311365073 0.344632133594
13 170 0.159600410493 0 -0.88199365139 0.597284043795 1.29793674133 0.869717463352 0.824730175204 -1.2801528356 -0.430435262703 -0.25975423672 0.313808802474 0.368269339889 -1.1993910845 0.621233942019 -0.497515422585 0.233791817706 0.620461734513 0.403766501523 0.70879140017 -0.475144201174 -0.464325024012 -0.14218401876 0.2182826991 -0.115507479554 0.154236190113 0.176286361803 0.176999745957
14 183 0.154597273478 0 -0.976688504219 0.524285394394 0.928516491547 0.941518948357 1.19847708503 -1.02884743707 -0.227003151817 -0.127780916153 0.261973826443 0.560322800645 -0.915545829931 1.01341663474 -0.0818773470835 0.311622405405 0.526186964803 0.749261432587 0.784930058348 -0.130634283487 -0.461470023193 0.00215873521919 0.380046937071 -0.392903807286 -0.024468282752 0.385449996142 0.129818007628
15 196 0.151922066453 0 -0.974381506443 0.699238737609 1.12756427622 0.749990118859 1.02314415847 -1.23263882824 -0.0751942076869 -0.262536381493 0.421487416801 0.454725415319 -0.831296416537 0.880763545345 0.0759708214368 0.081059449313 0.585056765551 0.66477846041 0.667375710019 0.0215115764563 -0.404347857472 -0.12040908016 0.422974618573 -0.122110734593 0.247514138545 0.417717222152 -0.287974845276
16 209 0.149271013353 0 -1.0522942543 0.487764018856 1.13414226647 0.887699084211 0.934835322845 -1.31733201545 -0.0419802767559 -0.141304295695 0.119029026217 0.44401300576 -0.773074243885 0.85913511395 0.0297451656449 0.0205430340687 0.320239796842 0.363815698682 0.633942032306 -0.120631849575 -0.554139282065 -0.285080447721 0.306915205146 -0.236974197103 0.576990325539 0.492519198556 0.0566979823472
17 222 0.143222630131 0 -1.13616096973 0.622970081737 1.25967089859 1.13754894485 0.958315237784 -1.25812689675 -0.172594822826 -0.401245648224 0.230952393103 0.522099480154 -1.04767847695 0.779957971893 -0.210512113979 0.0889165568311 0.466999707775 0.400232608984 0.686642629856 -0.251621382897 -0.373838507632 -0.187303914697 0.248040153529 -0.0277741715435 0.178808100896 -0.0749894520567 0.172326468622
18 235 0.138015362315 0 -0.964896321297 0.71022121726 1.08062424966 0.865997502268 0.805825558472 -1.10062115049 0.0331624536637 -0.0795686217085 0.293352110955 0.736041771555 -1.23333739822 0.776239186575 0.00746045562103 -0.117872403649 0.336231846001 0.371638520991 0.800075277791 -0.227877775446 -0.490041110303 -0.110559845683 -0.0131849680942 -0.155080007722 0.185412197932 0.28661764252 0.0725914081374
19 248 0.131751656324 0 -1.07941067219 0.717423898017 1.12144827049 0.772858389347 0.900444508398 -1.16156614512 -0.162433087822 -0.0840268187955 0.294435384343 0.470903485847 -1.04992591846 0.657409602565 -0.191216227078 0.0810180808181 0.165990082405 0.381914700523 0.658068620901 -0.217370118726 -0.552578297561 -0.222678972468 0.106993076784 0.0250387338572 0.247060446576 0.185427516962 -0.0885496596835
20 261 0.127828699419 0 -1.09618520737 0.751043018086 1.15915592256 0.963481004915 0.820919173136 -1.2171595658 -0.249559812263 -0.166901914989 0.0753093313478 0.429842527193 -1.20813912766 0.874163166653 -0.237020730073 0.00216030943388 0.171374746956 0.440594540028 0.643654906858 0.0596672264396 -0.415496696805 -0.177315870045 0.254919031837 -0.00978258152313 -0.220386413063 0.384775704852 0.121252903913
21 274 0.120912427736 0 -1.16176819801 0.725127858946 1.09713544392 1.14215269537 0.917869949641 -1.05257171529 -0.259346894869 0.0721346872096 0.206671180248 0.508413586451 -1.1819655494 0.851352109953 -0.0204824315359 -0.0790612296384 0.309244540806 0.425285813279 0.783417207953 -0.0257351670493 -0.369178342622 -0.118313648386 0.354003618155 -0.0684527234512 0.0200906587421 0.141153846912 0.158487394015
22 287 0.118887131599 0 -1.15668189526 0.800268560584 1.11060025485 1.02259741063 0.797315092435 -1.09016411443 -0.134749974751 -0.151000080482 0.358438858604 0.623822740304 -1.19798083852 0.903412707333 -0.135715558033 0.221634723186 0.107265693098 0.417546921885 0.691925785184 -0.0234850701001 -0.312306377249 -0.268414118014 0.171701637077 -0.111736630513 -0.303953418279 -0.0841022663725 0.000828328324373
23 300 0.115913956154 0 -1.19533479214 0.596264059317 1.21629027647 0.941900840996 0.892271459702 -1.04197156241 -0.255412482804 0.0854584272934 0.00028274356993 0.478640752892 -1.03112204363 0.955107543434 -0.129331595502 0.13178567564 0.175532856139 0.473799902539 0.78521851857 -0.0198660742394 -0.318547504053 -0.184587988974 0.432424541566 0.0966213074884 -0.161788842533 0.17861794119 0.0294891257462
24 313 0.11695812052 0 -1.08294701576 0.780752538896 1.00977786295 0.96473740421 1.09620812597 -0.963825001886 -0.317068734206 0.0693574520849 0.0296283164769 0.583190514018 -1.00993568167 0.80664824741 0.0041692575251 0.151997887866 0.186614782729 0.646429417666 0.693047393257 -0.120416643259 -0.229151097654 -0.410620809046 0.11889902971 0.0910461800991 -0.106191885184 -0.309939977929 0.0169468045824
25 326 0.115683679971 0 -1.11518847942 0.786680277531 1.08674377413 0.903563493523 0.972807199748 -1.17945084662 -0.333163911422 0.124014763031 -0.0708211670697 0.52942839023 -1.02709659357 0.915270147852 -0.158260096264 0.0655350736845 0.260744004645 0.558411502308 0.572113434714 -0.1704243748 -0.355772469622 -0.280513609853 0.184957311777 0.0759727589108 -0.156422688962 -0.0548845218226 0.248744881576
26 339 0.113565559727 0 -1.12914013863 0.766467010961 1.17678664106 0.886684702719 0.879301342255 -1.01751676172 -0.17706586569 -0.115816609086 0.241741848441 0.701398834034 -1.15921999497 0.891042979768 -0.114742821007 -0.0178348559185 0.331185735897 0.64021353592 0.83411936107 -0.0969305451751 -0.338992619956 -0.360055888592 0.378381302383 0.0366446556688 -0.180982874812 -0.152401648222 0.0872599121671
27 352 0.113567880309 0 -1.17087829113 0.66087067033 1.25223142498 1.0330563539 1.01735716636 -1.03640374345 -0.0916270053605 -0.194137040892 0.0926975824178 0.763789525543 -1.2931962167 0.895319613907 -0.227935407287 0.139179411368 0.315745817128 0.507584056426 0.769760953415 -0.132292753216 -0.502088315688 -0.550221871405 0.0713432060343 0.354402829691 -0.0865656174685 -0.132834535993 0.342204369258
28 365 0.112340987972 0 -1.19000065327 0.645882710774 1.21466653849 0.931800468288 0.941343620291 -1.19911903485 -0.132675614533 -0.0752408987719 0.0850623572619 0.710013767335 -1.28773934857 0.924427710305 -0.217646787707 -0.00309222339707 0.308343791894 0.342472581207 0.590721626515 -0.10062729648 -0.522740385713 -0.46613646033 0.421956005902 0.460191065793 0.0413711922391 -0.159449888164 0.090288832352
29 378 0.110689566231 0 -1.15407586098 0.757468502698 1.16611529711 1.09489301427 0.952068080122 -1.14653794229 -0.256015360862 -0.162737554868 0.0238179794956 0.798542728135 -1.2703373618 0.908317639512 -0.245747187339 0.055369129504 0.347931848676 0.288460500203 0.759430708829 -0.212072503396 -0.382549187635 -0.530550617921 0.166947096407 0.444017966716 0.00689919952208 -0.127714708215 0.0689836373186
30 391 0.108062376031 0 -1.20325887203 0.555381766098 1.17678437834 1.06481679897 0.88166385993 -1.04344600265 -0.0497790458562 -0.17663246806 0.156888680645 0.601368979216 -1.23705772303 0.898351341645 -0.0440357494617 0.00637181877673 0.455027349153 0.43475635758 0.78127488407 -0.201686610624 -0.407526120185 -0.590565885316 0.226817298347 0.29985090449 -0.15332221057 -0.149932223483 0.196001537695
31 404 0.110062582607 0 -1.13757014275 0.582895132485 1.29581185913 1.02389897241 1.1388888985 -1.29622496115 -0.0876678793423 -0.0123128920082 -0.0153612794703 0.879482032544 -0.943374129588 1.05093262394 -0.0661583978001 0.0621461616585 0.308838774872 0.425084318288 0.64082274897 -0.106889695472 -0.374442193432 -0.49281994109 -0.0312149688778 0.525193367706 -0.204936085901 0.0318899219948 0.0625308779271
32 417 0.110294151574 0 -1.24288165569 0.682975177886 1.29040836625 0.928096277525 1.04908197499 -1.25376394389 -0.057858501551 -0.222092455239 0.0481962274944 0.882183493272 -1.21525333501 0.972887487882 -0.220381506763 0.0129372137808 0.388431184692 0.50557596031 0.462620794047 -0.433942030356 -0.407132375593 -0.686527817246 0.154113870537 0.474201095286 -0.229176512482 -0.111864934956 0.106496606505
33 430 0.107797165734 0 -1.15823197365 0.616521875931 1.19826926183 0.818100511545 0.976081147111 -1.25345103443 -0.13589775646 -0.276838784208 0.194944213895 0.719348492942 -1.04299058489 1.01792342727 -0.0696717474953 0.17472833545 0.219098851867 0.489270318941 0.773151431847 -0.284832138859 -0.3644674043 -0.574983421569 0.254963760714 0.280937677477 0.0422477721159 -0.136254950738 0.260636423405
34 443 0.10632589717 0 -1.30571997166 0.627705085677 1.23290634011 0.89562289459 1.03672827388 -1.46158409587 -0.147874221887 -0.27564480614 0.0492113795111 0.84013840174 -1.02005456128 0.901730206035 -0.206730073954 0.185050648989 0.413436893542 0.669815691409 0.580789954843 -0.298129750389 -0.303480821701 -0.78567068585 0.0784131626359 0.445869499912 -0.142123127531 -0.25933325364 0.0990595536497
35 456 0.104955085164 0 -1.28372466564 0.600027579611 1.2125153477 0.790862473325 0.94820693864 -1.59085399605 -0.00126437884894 -0.14463102311 0.228561694162 0.885202311697 -1.06287367376 0.984070433245 -0.135658607093 0.139886828459 0.258299314545 0.619878234876 0.511595099217 -0.169486007593 -0.358083514958 -0.523501921405 0.15825197944 0.510024953294 -0.12819093058 0.0098874480638 0.154421488822
36 469 0.102693829809 0 -1.15378701687 0.741906243422 1.10494755737 0.924226225325 0.76024393676 -1.47161650879 -0.170627048403 -0.18442068601 0.174898343897 0.790897778639 -1.2049848318 1.05490473783 0.0012116831455 0.118165165904 0.162469655662 0.55861405564 0.62662896259 -0.239655374799 -0.411702227165 -0.686528531239 0.17909182917 0.344604228593 -0.186284031285 -0.0422329038606 0.222923797207
37 482 0.0987306701008 0 -1.27336025238 0.73342431824 1.25597964875 0.837172419751 0.895813204567 -1.51681620479 -0.091178174156 -0.241497742399 0.20891119673 0.734193564888 -1.07412845536 0.943941521536 -0.0824260797734 0.111846221944 0.482340586965 0.53431587455 0.64970718318 -0.254128557242 -0.310094484052 -0.726719583666 0.095484339872 0.34461293295 -0.0937814209973 0.000346761697189 0.0658021852351
38 495 0.0930647960367 0 -1.134288311 0.784221968919 1.05846636832 0.950012632739 0.809338556256 -1.47384544321 -0.149251751928 -0.216105382009 0.145956645922 0.749849555074 -1.11165153314 1.06681066815 -0.0922369972766 0.118659685646 0.28289088443 0.461042389534 0.667674089058 -0.162870010443 -0.324905547649 -0.58720772331 0.081378323171 0.405003791085 0.0252187136504 -0.0563711834169 0.110386055336
39 508 0.0892179414203 0 -1.32489907742 0.557901014953 1.09215248448 0.766138540191 0.754077637403 -1.51243894841 0.0133502538695 -0.253217081566 0.399748144693 0.770692728898 -1.08174608825 0.992927895657 0.00550484627636 0.11858437875 0.440924264868 0.514718714441 0.460032350627 -0.192227707604 -0.369518888177 -0.71322029317 0.0800817629615 0.414306491679 -0.199661535848 -0.0274143958309 0.0771458768644
40 521 0.0866415099273 0 -1.23405075073 0.704045691794 1.14249243565 0.962654055054 0.749510141281 -1.48995247553 -0.0745701678365 -0.242203409109 0.266469099114 0.940342904229 -1.29581968548 1.04432628261 0.0583515051993 0.104160837976 0.308869387841 0.499278210678 0.610844417677 -0.311272234893 -0.473852900303 -0.629858571209 0.280815105247 0.371098086058 -0.0799969478186 -0.0148763899655 0.22230725168
41 534 0.0833650601964 0 -1.21276438236 0.714597377535 1.15481027044 0.975026669452 0.683803894942 -1.51386718735 -0.0360908573431 -0.238114857682 0.233186083517 0.915791894698 -1.18070221338 0.902829024856 0.0542440332965 0.0117251194878 0.239542345191 0.534576203251 0.455130023892 -0.199855096927 -0.548245889006 -0.619940738343 0.235201064675 0.311693082296 -0.0399168908777 -0.0834476430579 0.156356941464
42 547 0.0804878761985 0 -1.33350169659 0.594699252177 1.18848075903 0.977915546116 0.830600171078 -1.45023185383 -0.0399374760314 -0.234894747803 0.181528181847 0.925096588458 -1.24415823818 0.97060106131 -0.0343828097538 -0.00924727726645 0.308076764412 0.563784551444 0.586744824348 -0.165856033308 -0.390812509654 -0.675788371199 0.143769822094 0.444214955114 -0.184581175555 -0.242473649409 0.244333398065
43 560 0.0793142436567 0 -1.35517942905 0.656606890798 1.04651465922 1.05510748144 0.851012770054 -1.31730639526 0.0200659413518 -0.149067517055 0.294982024701 0.927163499395 -1.27166324135 0.994534155174 0.0793805898449 -0.00945958852958 0.27765672359 0.300304914412 0.51137834964 -0.247288966326 -0.501952895465 -0.61993157171 0.466573719722 0.388233562123 -0.199640705475 -0.165983782666 0.210337419841
44 573 0.0767589519555 0 -1.36838316917 0.570774185577 1.10635408992 1.03186884462 0.899483934039 -1.60763839414 -0.00334728198309 -0.231013277348 0.152321208285 0.907044856253 -1.29022495263 0.951710439944 -0.037261848842 0.0405913935514 0.290647920927 0.55765268054 0.455522715685 -0.150589571292 -0.535261163104 -0.765535983733 0.288003714526 0.398466523104 -0.200261254388 -0.190843982644 0.237586388819
45 586 0.0742906770661 0 -1.38106131554 0.696049027166 1.13287187232 0.964554002024 1.05250746111 -1.50344823124 -0.0435558152518 -0.103825474736 0.0865511616196 0.982498044975 -1.22887054042 0.926310983882 -0.122743161893 0.00341535466716 0.338917534327 0.620829629283 0.407028524143 -0.170962317722 -0.430063091665 -0.82800232101 0.33618501537 0.457846770072 -0.145123925909 -0.0628430486624 0.189477014983
46 599 0.0728361188166 0 -1.46080160141 0.642319174875 0.960443322932 0.941963408803 0.815066324179 -1.55460719412 -0.0441979575494 -0.0856276659464 0.208476670216 0.889235376677 -1.22516852094 0.992809475386 -0.0335425261091 -0.0425636666338 0.392397453009 0.52545879864 0.382931715125 -0.216236418557 -0.394496565362 -0.796744270645 0.239286497286 0.402535292775 -0.151571055411 -0.0377241514785 0.195518774953
47 612 0.0718543381159 0 -1.36471891403 0.635891401337 1.01532650607 0.896407771907 0.869587417597 -1.51373403107 -0.0677658218722 -0.088987677469 0.0753852567998 0.890240988276 -1.25178983811 0.896324236755 -0.0451010785254 -0.0440996539264 0.358109432933 0.550072877304 0.425007578888 -0.145314709772 -0.406602927506 -0.778129182863 0.273170210414 0.343157164446 -0.293918926094 0.00817198273078 0.191366323601
48 625 0.0693625724637 0 -1.34438574314 0.610360979427 0.999257569571 0.81131873307 0.828018083023 -1.53608898573 -0.0193742990063 -0.060386571553 0.128740297185 0.901498824533 -1.12687980783 1.00760375776 -0.0954628320541 -0.0872877708304 0.264666491645 0.480165559718 0.371381968614 -0.300247628118 -0.474831010354 -0.785636862873 0.327697674476 0.462151254588 -0.118234977771 0.0698904083978 0.162073092276
49 638 0.0683366142524 0 -1.55077898502 0.593288924004 0.938810746476 0.82432967568 0.706510904948 -1.5141144713 0.0567388861229 -0.115718930416 0.0937278163549 0.974247958322 -1.19460172252 0.931756123811 -0.153985727817 -0.00941867058038 0.263688022721 0.584746664038 0.437941704383 -0.270590805051 -0.529514263095 -0.776171241426 0.280871420098 0.40870782927 -0.16870916112 -0.067127198498 0.319248636707
50 651 0.06799210977 0 -1.64194238186 0.597959541494 0.906294543819 0.692907138577 0.841874667228 -1.55655141066 0.0631529785825 -0.0583145256 0.150714100718 0.92067649614 -1.05863660333 0.952159808388 -0.0413919854229 -0.1516005661 0.404153157475 0.525989781281 0.393698673918 -0.311900101426 -0.447112431762 -0.742602602717 0.285888746475 0.337298655444 -0.202213749065 0.0442093990636 0.205562929389
51 664 0.0661790886331 0 -1.55520200729 0.676384125967 0.910553551728 0.814917723404 0.787722975323 -1.5167371061 0.0694741396866 -0.0938349452449 0.077920411353 0.937928725631 -1.08350580222 0.947493193698 -0.0435055710859 0.0152622592028 0.277393198155 0.584009967944 0.446850175159 -0.325175481155 -0.387198650237 -0.727705417762 0.27941797912 0.256967924786 -0.174004237236 0.0825171592614 0.195659798905
52 677 0.0654801546708 0 -1.50596296787 0.640716958453 0.887593330101 0.768344115434 0.850375811473 -1.62033205809 0.0196957347851 -0.131793242893 0.090774882781 0.921439528851 -1.18833824191 0.850831273357 -0.00375663958998 -0.10330496129 0.371197396356 0.560446830404 0.455955140303 -0.312706409029 -0.362800930957 -0.814536225776 0.347670761198 0.377516042131 -0.178965897689 -0.142528916932 0.2629159463
53 690 0.0653301237096 0 -1.43408596516 0.658924619303 1.01638260351 0.789993957247 0.884627405589 -1.59422748568 0.0215871061768 -0.1005687773 0.0842053788529 0.795236386858 -1.03519085547 0.958176469386 0.00461204191718 -0.0442248690083 0.324384693162 0.578249259156 0.533837322846 -0.316481306869 -0.300029188211 -0.894720025542 0.41066065775 0.392169622205 -0.264442673619 -0.14459001619 0.318881498666
54 703 0.0651628365794 0 -1.49219167233 0.661259676749 0.814967591667 0.836031598731 0.768903848748 -1.70907197498 0.0170217009635 -0.0570038186877 0.0753357903206 0.848641828848 -1.16991543973 1.03398410422 0.0997396569316 -0.0345414637119 0.34092200656 0.55062640181 0.529627823513 -0.343269714455 -0.36982938501 -0.83400661908 0.308410449093 0.338784092566 -0.0607885886632 0.158195091086 0.235141823999
55 716 0.0643953403349 0 -1.41685509682 0.57075039779 0.897991485542 0.740711076928 0.809477005703 -1.66110315251 -0.0480959926719 -0.219056228347 0.0131007124016 0.804339704591 -1.17163057327 0.932606212987 -0.0129834972177 0.000793604219912 0.292099039947 0.558950355821 0.412610947935 -0.273445703931 -0.311304433893 -0.776312083795 0.391142378443 0.269616664786 -0.229063471355 -0.021670506783 0.284775784707
56 729 0.0610306433998 0 -1.51097726822 0.620534605319 0.916352079021 0.778009376943 0.765679908737 -1.61547485431 -0.0357334133714 -0.10431281845 0.0376769996915 0.874210823445 -1.09685078823 0.890173458328 -0.0626151194749 -0.0235567098524 0.291442784995 0.61417619248 0.430059296613 -0.37228387431 -0.410395106226 -0.804606250227 0.255857378911 0.326750404617 -0.145965762776 0.0901006203373 0.304936757611
57 742 0.0583313506417 0 -1.45462095737 0.52063849562 0.832466369778 0.837319535186 0.652380805823 -1.54763409605 -0.100467199738 -0.118990747737 -0.026306767267 0.849232509491 -1.12502561291 0.872098656474 -0.121790376116 0.0540153704183 0.320791522227 0.562650138842 0.417665326171 -0.293652289785 -0.373817289059 -0.811772980709 0.328575197369 0.24320788495 -0.117390735826 -0.0501718898835 0.30679738567
58 755 0.0548560317686 0 -1.50223088264 0.565872959001 0.931923266171 0.843250551125 0.791983570032 -1.53256973231 -0.0178344019029 -0.136749230863 0.109867656267 0.869703605954 -1.1379322636 0.98943334432 -0.0298335647873 -0.0368832546029 0.453112821918 0.49854780183 0.380874902221 -0.394432801411 -0.416314517227 -0.803304107563 0.273897342742 0.335132028632 -0.0818757031174 0.000108745492737 0.302677824851
59 768 0.0520359706727 0 -1.55613648891 0.59062204888 0.845772666251 0.780977359433 0.800654970113 -1.53720914225 0.0360937806324 -0.155734440573 0.0542920625889 0.844779880847 -1.12534488933 0.935604036569 -0.0898721816149 0.00605822864626 0.404428839256 0.605742963704 0.427181318596 -0.289870188243 -0.38808130728 -0.816027565404 0.284027280114 0.352146606697 -0.113232785667 -0.0909994963626 0.34209464129
60 781 0.0501376203554 0 -1.59089040756 0.522758748517 0.859286973564 0.782979171763 0.772672472649 -1.54284682204 -0.0118820019697 -0.0401856420595 -0.0140002318695 0.945771898153 -1.05691506366 0.924806198449 -0.0780895360176 -0.0628917771695 0.365931287322 0.60309700478 0.331466050305 -0.288229256359 -0.358724271438 -0.859006720885 0.252271865522 0.358132579634 -0.157284802921 -0.135355253773 0.278248331353
61 794 0.0488786520109 0 -1.62875568867 0.587533183018 0.902186433764 0.780209340764 0.747541727072 -1.59733181534 0.0299575316157 -0.0902161663719 0.0307075935159 0.95617986482 -1.1304759379 0.962117459151 -0.0970436261793 0.0447347741474 0.298173408782 0.68010431683 0.426105390512 -0.22951008501 -0.356081923939 -0.829484792298 0.356920633597 0.336690392907 -0.145420727345 -0.0491296396544 0.405240897713
62 807 0.0472943738441 0 -1.55565845966 0.576520760439 0.852376131241 0.757605162457 0.673020065014 -1.60424963358 -0.0220663214172 -0.144719238606 0.0932724535375 0.967311593161 -1.20655255044 0.885198133974 -0.061261245681 -0.0720643097219 0.335496127865 0.550885644252 0.521478619923 -0.173004995509 -0.384622676278 -0.787905690781 0.344503457218 0.366194715992 -0.164585520853 -0.142178724796 0.304567928736
63 820 0.0461604175648 0 -1.65440547466 0.519488636959 0.866631613689 0.805208471743 0.637024618765 -1.60374963402 0.0314211245906 -0.0539839411887 0.0785523578069 0.955360288667 -1.17501289072 0.943711688335 -0.0449735771048 0.0160363429712 0.356447604509 0.571312508339 0.409770275457 -0.312435871906 -0.405041061334 -0.814948595279 0.225879659484 0.413683396133 -0.156367008439 0.0338971086926 0.347877915629
64 833 0.0447699530679 0 -1.58171129227 0.578996341032 0.867761435476 0.705264750847 0.667723990644 -1.60106476269 0.0183802355525 -0.113138248759 0.0875875586295 0.977482113545 -1.23131341563 0.891082449247 -0.0374651501456 -0.0435533928422 0.314204815747 0.586463247805 0.386182227312 -0.325349247553 -0.401711912895 -0.80960345625 0.345769880235 0.361898992625 -0.0769285956171 -0.0257214964979 0.349678149475
65 846 0.0439599476447 0 -1.72570896149 0.479509055988 0.812067919756 0.696603780829 0.688668380023 -1.43583512427 -0.0190649100024 -0.101926286692 0.0252295831296 0.996884117374 -1.21736279443 0.923917073134 -0.103500210448 -0.00227099548972 0.360712459134 0.542479879047 0.376184449617 -0.271320553978 -0.456160496582 -0.745084767578 0.341228978302 0.37728346622 -0.0426544995314 -0.105706503387 0.33382437123
66 859 0.0428619272469 0 -1.62867581844 0.479218313963 0.839261892119 0.73866360511 0.688604507927 -1.53764294564 0.0082627098677 -0.111612111215 -0.0135375455297 1.00339682769 -1.20538364904 0.906574908752 -0.100642845185 -0.0471991638452 0.38491058408 0.59982639044 0.330787325769 -0.240331331319 -0.416862086146 -0.762765473134 0.319557205475 0.362006295474 -0.140701087618 -0.0911378559399 0.372530873473
67 872 0.0423627725396 0 -1.65120279789 0.511540071829 0.800473301851 0.684270264386 0.676550280195 -1.50508220013 0.0799179715958 -0.0756031981912 -0.0174051842076 0.991904476773 -1.20162193531 1.04346507599 -0.0671557186696 0.0059180110841 0.319375404478 0.55375614484 0.318453009688 -0.257198029457 -0.415116091268 -0.779674250546 0.289402626819 0.425937585191 -0.00186788432717 -0.0326238899763 0.350574575751
68 885 0.0424789385405 0 -1.65669095516 0.483889803471 0.734043964944 0.70495963808 0.618997019354 -1.58168621411 0.0647500184993 -0.0573193674177 -0.0168183824732 0.983594552328 -1.25616710713 0.899639131166 -0.0690819576965 0.00973349653345 0.326107284463 0.535915068266 0.370042870699 -0.247353545466 -0.466733541605 -0.820570450459 0.342713569248 0.422009087817 -0.161173662341 -0.0482234751173 0.378721305124
69 898 0.0418273041078 0 -1.69426453114 0.473588131845 0.718643510051 0.693247695847 0.651331160169 -1.50129306618 0.0457606996712 -0.113310393235 0.064834297838 1.05097324702 -1.27587850372 0.891389798571 -0.0899788278752 -0.0186077862501 0.346158314447 0.525460497262 0.27901683147 -0.268813905279 -0.488223348518 -0.792175189298 0.29102791198 0.404700178175 -0.0792656346565 -0.107703131443 0.373505740902
70 911 0.0407604522558 0 -1.6996306181 0.474791712998 0.717820653109 0.67189767109 0.651663998282 -1.59532165372 0.0807600000776 -0.0108765231267 -0.00260926307781 0.993175588291 -1.19699320556 0.907650557738 -0.0803699418149 -0.0141279595517 0.398475984028 0.529568142327 0.358063366492 -0.250887625241 -0.467796748138 -0.825821929835 0.268033516997 0.439727717853 -0.0504897246723 -0.100326089336 0.256730380599
71 924 0.04003172879 0 -1.83754611015 0.555809680084 0.764535933244 0.731766014308 0.651766166078 -1.52271261187 0.0549016185515 -0.0617405032883 0.0573323843693 0.95849049202 -1.22988934354 0.851871437031 -0.116322828909 -0.0532292069753 0.347057310734 0.550172533545 0.347395309798 -0.251858046929 -0.460196138273 -0.769925899284 0.35071044844 0.420366619353 -0.0599896319051 -0.0364183776985 0.318194737434
72 937 0.0394310412534 0 -1.7368799448 0.500494177973 0.785767606849 0.719561025676 0.619238814954 -1.53333701202 0.0662989817979 -0.0516071445676 0.0327238383204 0.899329873397 -1.23366426487 0.866268048384 -0.159922305686 0.0326504015754 0.3546905767 0.498420903333 0.310150738315 -0.217333972504 -0.495835100798 -0.794548141131 0.297389040695 0.388203448387 -0.0244910988664 -0.0822663353622 0.300454684132
73 950 0.0392381767096 0 -1.83754634857 0.478032334318 0.752868312819 0.662302160752 0.604149111889 -1.54482312766 0.0856031137089 -0.106308815903 0.0714362654163 0.970306494911 -1.27044220764 0.826501541157 -0.13445746028 -0.0381905611173 0.300800203253 0.544375797997 0.325472281873 -0.254405763006 -0.483849924086 -0.738292063525 0.342033328823 0.409055455521 -0.102766729482 -0.0742623230016 0.295661175167
74 963 0.0387904335233 0 -1.90064132214 0.491471100367 0.727566878941 0.636419838661 0.611330190052 -1.58441280467 0.0608897861153 -0.0821509052994 0.0573573584826 0.937827204007 -1.23407828067 0.887251729523 -0.102700737593 -0.0786641351569 0.370657886586 0.49595705515 0.340646317629 -0.275010231617 -0.480183973901 -0.725321876162 0.224100721058 0.417189825272 -0.113923038639 -0.0527933377759 0.276082314704
75 976 0.037661941303 0 -1.7802438736 0.445309931122 0.776369355359 0.641079719819 0.636633685334 -1.56371150313 0.0890021479158 -0.119177849051 0.0931135949206 0.94417461585 -1.19709366292 0.862034169447 -0.142789698094 -0.0252918531716 0.37303500464 0.556767824118 0.278974250022 -0.252835419248 -0.419070984189 -0.703819328918 0.284616585565 0.373780235589 -0.0678650588411 -0.0568547710799 0.325848899189
76 989 0.0379833166397 0 -1.87035357952 0.474428723727 0.752952494071 0.61219432936 0.648887657433 -1.55739245939 0.101539876495 -0.122494052479 0.0873811546726 0.93301715541 -1.29584260596 0.881507914414 -0.161332488426 -0.0857949874088 0.366203612607 0.573616009819 0.353438629192 -0.216738435354 -0.476347563925 -0.69477593972 0.367029500299 0.311486966713 -0.0782514864293 -0.0348587162657 0.287215156172
77 1002 0.0385748803004 0 -1.93526637554 0.526931038036 0.703642541951 0.568552021531 0.685705127621 -1.64035376614 0.118617709345 -0.0479525774407 0.0739004637449 1.03305928766 -1.25245086763 0.893101418773 -0.0769369408037 -0.102399762877 0.334605657918 0.536213374341 0.325891980369 -0.303976862325 -0.458719851537 -0.726968854577 0.33593427652 0.401800070784 -0.0888689086513 -0.0205109898571 0.307236615928
78 1015 0.0388221568458 0 -1.89950668812 0.471836068868 0.702080739634 0.570036178466 0.671796406368 -1.55591296745 0.103540535965 -0.0373360922239 0.0854916248939 0.910032539468 -1.21070196324 0.895028694684 -0.0727801481241 -0.12327514139 0.335706359301 0.44929586201 0.366809560693 -0.277618068643 -0.438149000057 -0.795197611364 0.271654978921 0.434450472441 -0.109708081603 -0.106321414977 0.27075891675
79 1028 0.0395978902768 0 -1.86499321461 0.506802858047 0.685863000068 0.494297823022 0.789399776418 -1.53338023805 0.139859462522 -0.0409566862994 0.130281897147 0.967140123529 -1.19367865704 0.836924020293 -0.0858025137723 -0.161361195622 0.40773960088 0.519746020016 0.379154420616 -0.257948443961 -0.408456756766 -0.771558181713 0.320589157617 0.409409953419 -0.0822322512464 -0.0750534261259 0.169047813376
80 1041 0.0401862609877 0 -1.89500844479 0.51391117957 0.695519626997 0.53500893519 0.709713715652 -1.48402964752 0.125804168389 -0.121489374451 0.0965568535313 0.935753058538 -1.18375969112 0.828052554296 -0.0851210244085 -0.143623527207 0.375317913081 0.526563553685 0.460224693058 -0.230825448925 -0.456528114077 -0.770382670584 0.300733876786 0.460242227429 -0.111040904612 -0.0340358383585 0.278785963298
81 1054 0.041634011505 0 -2.03547477722 0.535708151997 0.709710241809 0.560220390552 0.696377764188 -1.59586784348 0.0984999855522 -0.0995778169412 0.147339682448 0.869215622043 -1.20014957472 0.877478073459 -0.124206132705 -0.198917231536 0.356431623982 0.54415996037 0.492628799347 -0.212808230291 -0.391972939903 -0.763188224797 0.242676068811 0.419261440507 -0.100625364624 0.0341233759583 0.283628396655
82 1067 0.0425759102958 0 -1.96533286572 0.489226639315 0.716575146979 0.500952629127 0.681250992518 -1.48189428743 0.0678673010512 -0.0862225010233 0.0893028455677 0.927247794732 -1.1857197601 0.854940013513 -0.203973402348 -0.0986180280652 0.397013364913 0.536078768463 0.382057299018 -0.246251125589 -0.431661716882 -0.76115737981 0.220180003157 0.472042907606 -0.0658094380069 0.042077308529 0.265896900237
83 1080 0.0433293484195 0 -2.05206036568 0.466883774062 0.62333419536 0.474238196528 0.620690676953 -1.51784837506 0.0696347521498 -0.0601946697925 0.111305336667 0.936471536047 -1.2254450539 0.779234961592 -0.143690991978 -0.190290816126 0.426465914142 0.557988029071 0.45511952158 -0.200340866467 -0.498117291738 -0.76940861395 0.352881658882 0.450518122927 -0.0791002760733 0.00242710767595 0.267639209662
84 1093 0.0445309879954 0 -1.83759617805 0.514054153805 0.681305304268 0.582196771686 0.641048406562 -1.50948125402 0.0606693463234 -0.0862716673977 0.128068557504 0.986239854411 -1.19690805196 0.822652907918 -0.0705001028079 -0.186829704445 0.385043715533 0.568075800973 0.487567667879 -0.199451535899 -0.511409894006 -0.762206547855 0.304495608736 0.505675171357 -0.0870182180437 0.0105399136848 0.289934301066
85 1106 0.0448415885529 0 -2.05751466751 0.49763109138 0.63458381669 0.484566902129 0.620342075613 -1.53153695088 0.102849798452 -0.105867713487 0.124089303573 0.984891747614 -1.16215711374 0.807924629735 -0.134426912874 -0.180795684594 0.368456723844 0.569513959699 0.464084221442 -0.223129273589 -0.531424812323 -0.785411117386 0.328430295684 0.466406356541 -0.0321833272788 0.0160589309444 0.226349800812
86 1119 0.0445142785129 0 -2.02416658401 0.470329309381 0.649886201124 0.498985159454 0.595662394878 -1.58901349593 0.155320731728 -0.0260834871653 0.104783123341 1.02872143921 -1.25283700065 0.850568002821 -0.142004365287 -0.0955172084102 0.417164788149 0.617622808705 0.451839885334 -0.190367263515 -0.55733059279 -0.748614231701 0.372042874092 0.492785905905 -0.0626067201042 0.0261781945022 0.316889584419
87 1132 0.0445656996159 0 -1.94395196438 0.455968238082 0.668837349162 0.484835898498 0.658622007537 -1.46830027597 0.0697368575728 -0.0349407118127 0.128669913634 0.980652249782 -1.19039235556 0.843954535416 -0.131668208374 -0.0855178714364 0.428665052948 0.676986899792 0.45187728655 -0.177865828836 -0.52150995349 -0.782017326884 0.357977473387 0.477368503899 -0.055958720585 0.0425032174228 0.240238549357
88 1145 0.0439412296865 0 -1.94772958755 0.49309823172 0.685805599705 0.547105178158 0.675464012918 -1.4835141574 0.0656123375387 -0.0531949198079 0.102526711783 0.960390020351 -1.12429616925 0.806195637581 -0.108281799132 -0.184385634979 0.40341782294 0.629363844082 0.467699329913 -0.165453019213 -0.477355332783 -0.739384388362 0.323538986407 0.381931369498 -0.116391148627 -0.0148623871543 0.215998576465
89 1158 0.0439183290195 0 -1.94946992397 0.440399042787 0.536056846552 0.439791705381 0.598269359519 -1.50835375702 0.0130031166435 -0.0828152929763 0.185431931132 0.952493557676 -1.12025986095 0.767236853425 -0.204536087324 -0.201395977759 0.442895752764 0.643537349908 0.461531778636 -0.227241962654 -0.538552752703 -0.763197688442 0.333354996037 0.391891395677 -0.123052651822 0.0776900833353 0.228808287565
90 1171 0.0426287213445 0 -2.15614557266 0.472364784036 0.65640619823 0.48355184357 0.64815860271 -1.57045979478 0.0634662270395 -0.10084766632 0.136807198717 0.94502225514 -1.08079631193 0.744034764668 -0.195205666664 -0.192878836237 0.511250586038 0.585396505968 0.44940587047 -0.211267132255 -0.511574415698 -0.759176888485 0.23379970188 0.413893716016 -0.0347404255313 0.0298211315014 0.227711217862
91 1184 0.0417162024388 0 -2.09238505363 0.459603787158 0.634848059546 0.481471772112 0.646322730782 -1.57357174388 0.0537479317879 -0.0791231871117 0.0935975154325 0.999807282824 -1.17516647273 0.737895334053 -0.174175195009 -0.18616822962 0.39877144078 0.642696736161 0.426820768421 -0.184320696082 -0.542775268554 -0.727775031049 0.234651454994 0.360423929002 -0.148991844342 0.00593750101829 0.172331900505
92 1197 0.0411665703362 0 -2.15229082108 0.415380262684 0.61563360296 0.461275308286 0.584937853959 -1.50106700767 0.106155186536 -0.107049151506 0.120134554039 0.976820094842 -1.15526970901 0.726811858345 -0.192629631512 -0.149580230758 0.430245313783 0.579592887425 0.420786383471 -0.197450896523 -0.533589987299 -0.76971427526 0.20320873993 0.394439648598 -0.0808991779585 0.0261835275204 0.211161660852
93 1210 0.0399814781852 0 -2.07896089554 0.44855797533 0.591981518534 0.48312781223 0.61787595882 -1.55543674419 0.0982060880744 -0.112174875015 0.121314172245 0.926686341235 -1.09910880043 0.79784646619 -0.19674446164 -0.14027076081 0.418267643102 0.588067222149 0.429452571922 -0.18750722619 -0.515317536475 -0.685729097617 0.210414943501 0.420494104981 -0.116263578922 0.0538394983499 0.242916447121
94 1223 0.0389642164545 0 -2.11342144012 0.448884338361 0.583017462338 0.477363717806 0.575280918427 -1.50483266261 0.0849503783009 -0.0762089068372 0.0812648674262 0.965843878377 -1.10024274569 0.801413400428 -0.153390334914 -0.184657910651 0.372560665564 0.634416120001 0.418440941774 -0.155220891944 -0.522740895506 -0.730742263449 0.229257511036 0.382883771348 -0.116763154551 -0.0128058988461 0.133300758054
95 1236 0.0381596471594 0 -2.05739474297 0.453919551835 0.602530354994 0.466387808666 0.609382811948 -1.56797454907 0.06437121962 -0.117026207013 0.111069432677 1.02289741404 -1.06553596107 0.772320094618 -0.218169218292 -0.184752034157 0.440321192438 0.583842974479 0.347562239308 -0.213704675084 -0.522906151615 -0.695914033706 0.157514564449 0.370115217736 -0.048309895691 0.0851861746102 0.137533468693
96 1249 0.0368918379167 0 -2.1823952198 0.440911671215 0.58678131324 0.444260736237 0.607600970157 -1.59394991887 0.0829275225565 -0.12507839327 0.140506434927 0.971194228589 -1.12732871277 0.751747497896 -0.200477432473 -0.225518225424 0.419552418091 0.618542165902 0.432560122917 -0.197185125854 -0.489093032055 -0.715542708593 0.153452011276 0.377333988322 -0.0887839321126 -0.0113957679191 0.160281022942
97 1262 0.036489300583 0 -2.12809967995 0.453012353723 0.574894530369 0.475409768547 0.585863448478 -1.47004961024 0.0774528036665 -0.08568397159 0.087473402146 0.89183157851 -1.06603670906 0.758822495132 -0.302867882169 -0.151843266838 0.393095814104 0.602159948578 0.413899884793 -0.173803142765 -0.579395174064 -0.713110862249 0.177818621363 0.337808984357 -0.0640601372126 -0.0351630598487 0.117103788984
98 1275 0.0351281381135 0 -2.13335633278 0.447607846007 0.561914670568 0.466509883739 0.577053499137 -1.51760236307 0.100206742365 -0.106670083869 0.112151201925 0.976569779966 -1.14414783782 0.750919240062 -0.206615666043 -0.244426431972 0.423951004544 0.635098534215 0.460285917651 -0.226040513206 -0.491746149166 -0.718696197518 0.114515427184 0.386291251767 -0.0758683381395 -0.0343305271819 0.166368865201
99 1288 0.0346566438489 0 -2.1639983654 0.44033483924 0.563663130209 0.437573254223 0.60082728039 -1.60327020629 0.131876070058 -0.141343071468 0.142833916457 0.980315884307 -1.10021669347 0.728401764375 -0.281699590399 -0.197535653251 0.44924917215 0.604223706836 0.475170759187 -0.176014907004 -0.507936497332 -0.729834671672 0.128955634831 0.399950688794 -0.0809806730689 -0.0276862652742 0.109932577974
100 1301 0.0345797429843 0 -2.16336536407 0.460009491396 0.614560472445 0.407092265105 0.660153959772 -1.54785372416 0.0505738196872 -0.143210834401 0.123971659499 0.937555251252 -1.02143301778 0.746916634561 -0.294751641813 -0.194367711058 0.456334940869 0.624920054238 0.492947794429 -0.2019984986 -0.500567057715 -0.750067621962 0.125238811703 0.348566410362 -0.117825417273 -0.0404519965852 0.127824686638
101 1314 0.0338552679198 0 -2.24651503563 0.483893787584 0.58735613283 0.482498588526 0.586721938856 -1.51127926738 0.0864754643637 -0.159927622277 0.135641621187 0.958223651105 -1.15347722309 0.75714226593 -0.231107885144 -0.194484934176 0.370489781311 0.620245942928 0.537160444855 -0.187204409174 -0.473549224184 -0.673992950598 0.176489921776 0.304219498575 -0.0512946378909 -0.00707565835191 0.111545303729
102 1327 0.033156501664 0 -2.20263338089 0.490048405988 0.555119664772 0.485185205375 0.593157591039 -1.53219606159 0.119956841735 -0.0690910085379 0.216719963053 0.930459508814 -1.12856034993 0.749830303611 -0.256902467414 -0.209782675556 0.360312632887 0.583820622445 0.48791431704 -0.202369615287 -0.508902627751 -0.700537473946 0.195171772303 0.377931529316 -0.0654605284148 -0.062945837204 0.127400656623
103 1340 0.0332285756706 0 -2.20800352097 0.48807603297 0.519945952756 0.457656824579 0.570421428098 -1.51406407594 0.103178085826 -0.102188037069 0.213392348168 0.932477005882 -1.13705619326 0.743794847391 -0.316502170713 -0.244854883645 0.403834337317 0.552473690864 0.476999945309 -0.178670402533 -0.52233945581 -0.721069603824 0.106783877207 0.372496997167 -0.0475843825574 -0.00363337552225 0.0918835681946
104 1353 0.0333146815217 0 -2.16930580139 0.47887808268 0.597387065898 0.523744199746 0.564927063983 -1.49771063233 0.137808060909 -0.0686748396312 0.172305173413 0.952762799892 -1.15968785443 0.757484263947 -0.26077929295 -0.213424457243 0.382629643108 0.589617008269 0.440819813192 -0.269487766403 -0.533137051525 -0.714633325808 0.193412535352 0.343619734024 -0.0118877131645 0.0121826882458 0.160811787998
105 1366 0.034745805119 0 -2.19106531143 0.477616426097 0.552231961454 0.469757334546 0.576708166054 -1.55770255799 0.107056827133 -0.0653627987562 0.142835027488 0.935803277868 -1.1849648644 0.73093864085 -0.271069224501 -0.185158231303 0.415827325118 0.603261766735 0.45103641719 -0.246522137629 -0.623039005659 -0.699421608256 0.171215394252 0.377774059103 -0.0966259515454 0.00604517991955 0.0833921672998
106 1379 0.0352056153163 0 -2.13740110397 0.466128066476 0.567652898559 0.441911708264 0.611390834218 -1.50417258212 0.13396324778 -0.0688613512445 0.160286379512 0.945377555743 -1.1731739938 0.725045877423 -0.278378709707 -0.193234974548 0.452121391192 0.590520121411 0.422864787103 -0.239332098356 -0.607373540589 -0.687973422114 0.107578533184 0.298131828458 -0.0662006036623 -0.0217093065211 0.0737040376572
107 1392 0.0342634345571 0 -2.18009448051 0.476535743273 0.567671081898 0.452165944531 0.609251254937 -1.47599948918 0.115222254827 -0.00735023376961 0.112163601831 0.90095441309 -1.16372069691 0.7518871847 -0.262076923908 -0.239681224119 0.423188988744 0.585009354007 0.385053746656 -0.319461561584 -0.524903895724 -0.695027147138 0.102588012945 0.337881667344 -0.0176813078742 0.0169186790324 0.099367403201
108 1405 0.0334317295406 0 -2.12896108627 0.461262564097 0.520232613581 0.400804982562 0.599914663146 -1.51137772527 0.0849400425237 -0.0946903794625 0.13681874002 0.942459974136 -1.2047755869 0.753650438706 -0.263752638271 -0.221434170677 0.420712495852 0.601634986943 0.410750824326 -0.275794503766 -0.606996061824 -0.733709149509 0.135961674544 0.345590437855 0.0159106915817 -0.0508953270122 0.0732052282286
109 1418 0.0322641393162 0 -2.13052487373 0.484093464743 0.585536000335 0.445766357052 0.62170343555 -1.49683655624 0.0749115225489 -0.0280740146983 0.0682096607991 0.894391281971 -1.1991210018 0.723155498703 -0.298848400914 -0.184121598853 0.400258630678 0.608091264982 0.434145296682 -0.24726271232 -0.586601006745 -0.725061303632 0.147740201979 0.349369748971 0.00437695789974 -0.00169756469791 0.079299378331
110 1431 0.0317348769133 0 -2.15658164024 0.455035221325 0.562837942771 0.423885183362 0.594492613136 -1.48756908463 0.109769745989 -0.0491651100358 0.156030941285 0.9196750004 -1.22116203828 0.739294497718 -0.321854835737 -0.180603224694 0.411188094429 0.574983750179 0.404477304059 -0.207259443084 -0.607697639173 -0.716045164276 0.109303653689 0.357487533689 0.0111249561049 -0.00217566222525 0.117908622248
111 1444 0.0314616617999 0 -2.14122486115 0.449986940145 0.554790370251 0.415631339489 0.60007679509 -1.43060100541 0.0750462118399 -0.0287096578409 0.127586352401 0.867240084261 -1.16998547126 0.765335479336 -0.294080726251 -0.149035789916 0.385631866952 0.583475600547 0.440376499771 -0.195689427953 -0.642280660255 -0.711082230092 0.112832285705 0.385647290537 -0.0164995608601 -0.00640918232453 0.115052064816
112 1457 0.0316045638383 0 -2.15771865845 0.414319720313 0.532739570033 0.398696557436 0.585574573866 -1.41227995105 0.086080515711 -0.0471268828845 0.092331923967 0.909488505486 -1.17956926898 0.801023729821 -0.325190158331 -0.136710292411 0.428684558728 0.605281292953 0.432311472682 -0.205025690947 -0.629262494869 -0.716891900868 0.119814376953 0.438068944954 -0.0510013586548 0.0078271405374 0.112005674031
113 1470 0.0319079883155 0 -2.17484641075 0.420692802522 0.553792242593 0.404363940226 0.599723983183 -1.44350961786 0.0819839778 -0.00366919464587 0.103243860111 0.904151588605 -1.23932870811 0.741419477663 -0.293008622923 -0.182067914522 0.423349264944 0.570207590269 0.435345620211 -0.203257334989 -0.664592169385 -0.734890483772 0.109089168275 0.433097757644 -0.000504678585571 -0.0542666023685 0.10405361985
114 1483 0.0316847111193 0 -2.2433283329 0.441960775963 0.561363052276 0.386706433382 0.617584019278 -1.44242668923 0.0752753672702 -0.0628899583105 0.143127044218 0.909082243675 -1.18016465701 0.773881173093 -0.316420927617 -0.164529323359 0.354310962077 0.60383564994 0.497722585424 -0.159946629285 -0.60370519816 -0.744175781839 0.119464437949 0.445343089446 -0.0386742167306 -0.0205388179629 0.0597308501762
115 1496 0.0315403724858 0 -2.12249827385 0.421728804577 0.538940888446 0.352246244229 0.586790900168 -1.43599562041 0.089443021233 -0.0600437198742 0.130000365793 0.908091724983 -1.22439450201 0.746073563619 -0.308041752459 -0.147028238212 0.418982910298 0.544209936443 0.438800167697 -0.205808700957 -0.627239797192 -0.761523832571 0.141702755084 0.462616560047 -0.0117847559799 0.00333755784801 0.100873725931
116 1509 0.0307772050211 0 -2.18992829323 0.448159280951 0.554868844332 0.41536183251 0.599016126039 -1.51568151809 0.085598690008 -0.0390682574253 0.15977891873 0.902785209335 -1.18899034551 0.756913907533 -0.294852784666 -0.175765349405 0.425722858069 0.583151561079 0.459291016729 -0.179299567335 -0.634534950584 -0.7908898963 0.161231107165 0.481275142387 -0.0570844808125 -0.00743907746179 0.145002996694
117 1522 0.0301973484298 0 -2.29402375221 0.468871004042 0.522223599077 0.377888638643 0.622482104829 -1.40702114901 0.0937997325103 -0.0668521136706 0.160969688925 0.870738174975 -1.1650788851 0.731614028462 -0.369856581917 -0.188801305315 0.387503700674 0.597330485932 0.461269037668 -0.210738544448 -0.603490130304 -0.779167838544 0.139188990109 0.461589972298 -0.0211606507132 -0.0730897217944 0.0759885540065
118 1535 0.0295929515195 0 -2.20750594139 0.459162145768 0.535477718506 0.370954270006 0.598954554241 -1.43918390896 0.0393790082948 -0.0985332728159 0.136234815809 0.88785591431 -1.22907628984 0.746206330564 -0.358994124651 -0.194419029925 0.395864185768 0.570167243968 0.432992448551 -0.21390793772 -0.626898212961 -0.768943826111 0.108225527407 0.446302831184 -0.0592948437894 -0.0178496995147 0.118372064775
119 1548 0.0284383677985 0 -2.35304903984 0.446657597054 0.532555761414 0.370721855541 0.613740125407 -1.44985217792 0.0299677914215 -0.0779790163935 0.102866447181 0.883428466803 -1.20295198771 0.716937546618 -0.35841025454 -0.201574510864 0.39086240506 0.58298116831 0.455890123528 -0.199802572665 -0.59313435764 -0.7179920292 0.0695815544756 0.41941156065 -0.0663176413632 -0.0821923911578 0.0834122666598
120 1561 0.0275339262031 0 -2.20651459694 0.450773117719 0.557179504405 0.414343405601 0.613629916743 -1.44605065738 0.04240601171 -0.12355128979 0.122890634898 0.913070546278 -1.17590927885 0.741069194805 -0.360674463218 -0.14798326212 0.389690548471 0.572034336161 0.456905305022 -0.160136895338 -0.578966790255 -0.741902499266 0.0589525939329 0.444665012021 -0.0656043166639 -0.0676037804914 0.135802892802
121 1574 0.0273691490711 0 -2.26024055481 0.428642648454 0.469799772556 0.37958239569 0.547530208041 -1.52313717457 0.0323749958398 -0.0707320784706 0.0969203904652 0.946671997327 -1.16334922604 0.710612931705 -0.337949811461 -0.190070390128 0.388629235404 0.593404328688 0.421143356933 -0.147465425665 -0.594842162639 -0.766224959366 0.0508723585935 0.445929944086 -0.0618166770368 -0.0324564610738 0.0891208759145
122 1587 0.0265197031378 0 -2.30911207199 0.435390315953 0.479609351251 0.346254456972 0.586672109324 -1.47022941264 0.0758577731273 -0.0745433637379 0.0848054470898 0.92447199854 -1.15076192821 0.734356625707 -0.3601533822 -0.170959560748 0.370781173906 0.564080580244 0.451819442803 -0.17785691876 -0.58332911751 -0.770397671876 0.0598100238368 0.433049090532 -0.0824741221 -0.00573233752507 0.0898451033493
123 1600 0.0258319838679 0 -2.29617571831 0.464503604639 0.514646056729 0.381227261598 0.59182713907 -1.49598961422 0.060882526329 -0.0838993531841 0.098142376765 0.998785673339 -1.21978401361 0.719403439662 -0.395763893963 -0.149361507192 0.39473174779 0.622621214976 0.444412962602 -0.203216754196 -0.658987889879 -0.810445605402 0.0751141375677 0.440507597659 -0.0679901202898 -0.0443525413263 0.113463947939
124 1613 0.0252646008436 0 -2.27187848091 0.459865281808 0.533323261808 0.41451242617 0.580892415736 -1.49847460779 0.0319362105535 -0.121429368878 0.092219855094 0.933659931108 -1.21833779605 0.718552714436 -0.381441172901 -0.183838163812 0.382967570336 0.583702095223 0.470757373548 -0.190972486822 -0.63629107558 -0.788130097243 0.118881573327 0.413498380898 -0.0629075122112 -0.0522147112929 0.192156268324
125 1626 0.0245004896905 0 -2.35602474213 0.447167769186 0.514503813232 0.392013696268 0.577072335804 -1.49462027817 0.0587935488067 -0.089241023369 0.112669243657 0.929939227236 -1.17259361412 0.689720840067 -0.386205736128 -0.185886209898 0.411505380008 0.563482824139 0.454397312938 -0.192644452083 -0.625105821118 -0.800385578474 0.112503932015 0.404973978055 -0.0728864770492 -0.0195886924288 0.171976273212
126 1639 0.0231623743898 0 -2.52840948105 0.423684110544 0.484007641219 0.343512048631 0.564716411221 -1.46225254068 0.0752431078133 -0.104860518105 0.139268310338 0.93465229744 -1.16618808614 0.716887131485 -0.380190158537 -0.190935177612 0.383175628503 0.585072268317 0.455726330217 -0.181602746758 -0.585542497793 -0.765627598412 0.0592324429858 0.415840568947 -0.0923002057827 -0.026199079328 0.129603623607
127 1652 0.0227039308892 0 -2.43533778191 0.414692882053 0.497467254788 0.36332886005 0.55951063147 -1.49146209393 0.0774311088473 -0.100576461085 0.0939629650253 0.998647626815 -1.18251700654 0.681817764053 -0.381151078564 -0.204061880714 0.403149438547 0.539941942789 0.373819901646 -0.251144710191 -0.612735880064 -0.799255235442 0.0820338376852 0.412849630141 -0.0770205056696 -0.0568559248104 0.14617974168
128 1665 0.0223965753492 0 -2.35945487022 0.424593001394 0.506762053055 0.375542759512 0.579495835796 -1.45642849707 0.0548451158638 -0.098699683328 0.0897019419084 0.962135293676 -1.15586284604 0.709388953476 -0.372003267254 -0.195691341175 0.393733635558 0.55404958714 0.393847756474 -0.24641105106 -0.578364370462 -0.739569845376 0.097561307469 0.431792076569 -0.0705127000781 -0.0403973859455 0.129884614102
129 1678 0.0220029838658 0 -2.30115199089 0.441528017004 0.499277400971 0.3944069151 0.546211015502 -1.49073992076 0.03669704534 -0.0580931100039 0.0835851877539 0.938992571869 -1.17125762931 0.70496428469 -0.362621863794 -0.178581707379 0.406587261025 0.541634015716 0.386865499907 -0.260758525364 -0.562254357805 -0.799145175294 0.151786874425 0.400884483081 -0.0885370831099 -0.0478315704152 0.132894064514
130 1691 0.021996047103 0 -2.38308906555 0.415784660567 0.489763514073 0.367872730009 0.551153092122 -1.44914886182 0.0802570575247 -0.0375287444283 0.0983297528259 0.922439506269 -1.11181998236 0.717302581297 -0.357970942343 -0.153939048108 0.415242190388 0.538339067568 0.393900825349 -0.258640303295 -0.601393236922 -0.733686175253 0.140665186042 0.408276898134 -0.0773778834729 -0.0254474698526 0.122529162196
131 1704 0.0214882789565 0 -2.43437838554 0.402079587221 0.531046754309 0.370954521518 0.564046774634 -1.46840186998 0.0478697583355 -0.1395415131 0.105791834994 0.965844262161 -1.15602368725 0.696789533311 -0.382567970784 -0.14725563524 0.438437034234 0.553793046216 0.408105637814 -0.216188523134 -0.611794445479 -0.69126850438 0.0967428233273 0.400715993726 -0.0734710530768 -0.0384897937487 0.141227369356
132 1717 0.0202994860278 0 -2.37784957886 0.434030940011 0.525849803337 0.40420203058 0.570892739069 -1.48797399176 0.0577186904211 -0.0854144229799 0.0937946969743 0.974033560511 -1.14505938178 0.693955949181 -0.370885764088 -0.172759086412 0.420278993053 0.548939965686 0.436326783643 -0.220235709184 -0.611451683729 -0.747836920579 0.122872966044 0.375517263537 -0.0872819965287 -0.0410271361213 0.129944834052
133 1730 0.019352947317 0 -2.36714148521 0.430445998827 0.485859338203 0.372755950445 0.562066275059 -1.46749355749 0.0891033136 -0.0662521021703 0.103777996598 0.894292219047 -1.14731037222 0.711206489027 -0.371715336284 -0.189831394453 0.409994490215 0.548053031434 0.436109682132 -0.21098071229 -0.607922206379 -0.723469532416 0.116423106551 0.369044805741 -0.0424372438733 -0.0438306965759 0.108866370257
134 1743 0.0183801292805 0 -2.37326002121 0.438161551414 0.498531870695 0.38477437685 0.576232216804 -1.47722941314 0.0385649438822 -0.0773585112622 0.0700545962892 0.901804956688 -1.13677569747 0.723835824235 -0.349391748489 -0.176934043831 0.40430004231 0.554466425622 0.468809540863 -0.217482088115 -0.588912368078 -0.768351441428 0.0896571949037 0.423172548812 -0.0957600853491 -0.0471091006188 0.135494497466
135 1756 0.0177133671111 0 -2.47606563568 0.429077353574 0.506650683669 0.383377206183 0.562669949745 -1.47689381708 0.0614847959365 -0.0724380112899 0.0877774613527 0.917573356744 -1.18023700679 0.724889745349 -0.340463419192 -0.158241940774 0.40899227491 0.565535561109 0.454964405145 -0.223773211217 -0.599442745938 -0.764337940687 0.120112116825 0.40642052241 -0.0654154262664 -0.0601327970489 0.123524292395
136 1769 0.0173522785439 0 -2.44844293594 0.42378373073 0.504502578627 0.368098417134 0.566406626876 -1.45433689455 0.0697831571943 -0.0675683955045 0.0708772678448 0.891215253195 -1.16895689576 0.724849584481 -0.352544277573 -0.160557802864 0.405229794517 0.552037427507 0.472084466099 -0.193867286984 -0.566549244623 -0.759125565075 0.12553539743 0.416884736696 -0.0887972512569 -0.0721025286501 0.121468630674
137 1782 0.0170891813062 0 -2.43284034729 0.438150186204 0.503626376179 0.398569921942 0.567525468836 -1.4622449858 0.065964655444 -0.0674762492832 0.0849920187814 0.926515959449 -1.19121191257 0.714411578658 -0.340245191195 -0.142389976209 0.419980567306 0.567247018117 0.485396064733 -0.223831289078 -0.591444009535 -0.749794717761 0.0961603093736 0.429596631776 -0.0666764069121 -0.0498515738161 0.122295192038
138 1795 0.0166794487245 0 -2.44125723839 0.442688468866 0.513751408036 0.378697376049 0.591985190998 -1.47843748428 0.0650471940598 -0.105026249414 0.0845203082118 0.954333499202 -1.18554175909 0.717884551854 -0.338689372038 -0.1327819951 0.398932064097 0.576508583769 0.464767928853 -0.206470423769 -0.602751170188 -0.757183666022 0.107400974167 0.405306826661 -0.0594615928844 -0.0639016596522 0.133110647345
139 1808 0.0163876101271 0 -2.32918214798 0.455729134972 0.546826046257 0.390831287494 0.602479928505 -1.48408006231 0.0455579337616 -0.0923002387331 0.0855817288045 0.917218245818 -1.16976623677 0.70928955611 -0.355457119932 -0.134257069025 0.403452606224 0.536927983381 0.469745363068 -0.201145148799 -0.604749199376 -0.750258602676 0.101278989323 0.391048291286 -0.0796110702257 -0.0491118934085 0.120680827178
140 1821 0.0155459202846 0 -2.3752143383 0.444738576747 0.524648413856 0.37597125908 0.589714667849 -1.47979602842 0.0511263977089 -0.0977654814821 0.0642426944641 0.924676439407 -1.17317664424 0.699262485969 -0.33152748459 -0.159002415499 0.413274314216 0.552824695508 0.477402205257 -0.194897943133 -0.599509883174 -0.758364130804 0.108675408509 0.393858413553 -0.0889839308856 -0.0489385468073 0.130881275836
141 1834 0.0153678798627 0 -2.33350872993 0.420001117755 0.510861756875 0.374333274446 0.56949774263 -1.49917727023 0.0406359131855 -0.108441333294 0.0714632753392 0.936355450089 -1.1984536736 0.723442739002 -0.337931943724 -0.142267921137 0.42829173417 0.579517469913 0.490538813318 -0.210155979144 -0.612274250478 -0.785033034511 0.0734103236976 0.383192113719 -0.0478234388777 -0.0518408147118 0.101466911905
142 1847 0.0153775344902 0 -2.42793488503 0.41123324519 0.509279658241 0.362305416462 0.550376242143 -1.50325953847 0.0523687079371 -0.119840684342 0.070203642631 0.957942778453 -1.17209287354 0.70963774123 -0.349522096772 -0.14821361854 0.424458439639 0.545597322423 0.474243928114 -0.236413097053 -0.59494001644 -0.765814992238 0.0946031864339 0.367400660616 -0.0731624361822 -0.0467724042388 0.136411323736
143 1860 0.0151024954496 0 -2.48001337051 0.432055646427 0.509661912117 0.384786511671 0.560559121736 -1.47405673443 0.0756719909407 -0.11095392034 0.100373955201 0.958788047676 -1.19470699332 0.692200251461 -0.365692667078 -0.151226200213 0.410030655203 0.548890233447 0.483416533899 -0.203407583165 -0.596928951794 -0.76077585898 0.0999675578316 0.358232874497 -0.0682094820246 -0.0584750488009 0.0920200339625
144 1873 0.0152788069888 0 -2.39292669296 0.410626965533 0.488081536232 0.362767030235 0.547063323562 -1.51437364282 0.104656079841 -0.0908932033959 0.0814480385466 0.957344014055 -1.19660115239 0.729235407227 -0.364714441098 -0.146368993756 0.421314398811 0.5688393789 0.455900995369 -0.226138725129 -0.59461496153 -0.751176285122 0.0949174008859 0.352693731519 -0.0493311242148 -0.0248353912487 0.102821706911
145 1886 0.0151241753025 0 -2.41050958633 0.414436370051 0.486131443573 0.382690232076 0.537688124532 -1.47665618145 0.100606190773 -0.099448854202 0.0747860187644 0.954503787838 -1.17992432307 0.707693017918 -0.358705617511 -0.139321791917 0.42061353626 0.564616231817 0.46552677098 -0.22400038454 -0.593198374106 -0.76816792638 0.0950661110219 0.363353026504 -0.0707748352599 -0.0262632362503 0.117570867303
146 1899 0.0148997664803 0 -2.4969291687 0.417724373718 0.486752081906 0.374936739195 0.540876533501 -1.50156846224 0.0740772438707 -0.0982831098655 0.0609430477142 0.936666312993 -1.20695896732 0.721992644195 -0.32608197742 -0.141850783448 0.414382305356 0.588186783779 0.46249896767 -0.225941202747 -0.606569276663 -0.756995015569 0.0926907987474 0.388142611168 -0.0546835961223 -0.00843326458882 0.116189354333
147 1912 0.0150798917415 0 -2.35420441628 0.39983148043 0.469067307573 0.357152909457 0.533520284857 -1.48639342786 0.0966869515418 -0.0894192674461 0.0623759747894 0.959504521091 -1.19981797402 0.701708188453 -0.34982013657 -0.153676137414 0.438915598862 0.562862944399 0.482804429355 -0.194397309234 -0.604904675021 -0.749721344336 0.0919803487169 0.356626769733 -0.0627142154677 -0.0201328195837 0.108153691446
148 1925 0.0153715795781 0 -2.38063049316 0.402979274277 0.477805809608 0.350270785515 0.527187065767 -1.51501140262 0.111135106575 -0.0670714462113 0.0257744350407 0.956608298602 -1.19145134032 0.709349605549 -0.328255242549 -0.162272816816 0.401242821161 0.567666669623 0.45560664152 -0.231036676508 -0.602220509504 -0.769451799408 0.11457405616 0.362122738848 -0.0549819546139 -0.0153221724416 0.116530260032
149 1938 0.015708532421 0 -2.41873955727 0.396159970787 0.469222807195 0.369565844541 0.502865847721 -1.47771417871 0.0890629367005 -0.077210778212 0.0497225434435 0.954953766138 -1.14654627166 0.701145533342 -0.337240976317 -0.141623737668 0.375889289038 0.587151215782 0.480049301012 -0.202371798954 -0.59596715511 -0.767571450968 0.0924765547764 0.375939938023 -0.0528932452724 -0.0282883354562 0.110565055034
150 1951 0.0155708033294 0 -2.37634015083 0.409011591724 0.488380085903 0.389325989218 0.522946511939 -1.48027080149 0.0795026926077 -0.0942980255538 0.0240611696293 0.958536510733 -1.18850144784 0.695283707509 -0.335073381214 -0.120970274193 0.378164662882 0.587992736353 0.485593811152 -0.199861953347 -0.608255434978 -0.760687154107 0.0857150114337 0.364102789992 -0.0574541434662 -0.0495757917211 0.133456597622
151 1964 0.0154886794684 0 -2.46036672592 0.395852486028 0.51523481763 0.390849096476 0.513459704057 -1.48908964334 0.0919999916678 -0.0817383994893 0.0316168565739 0.942911078814 -1.18914255656 0.703569435212 -0.321885366512 -0.110322042705 0.395937273913 0.578064407784 0.460325881427 -0.211860045551 -0.62203095266 -0.773396628503 0.10348712355 0.37435094642 -0.0686964322991 -0.0129403223238 0.118625947059
152 1977 0.0154915388184 0 -2.39256763458 0.417118341025 0.478827173654 0.386958124202 0.507858051245 -1.4728201333 0.0996774052532 -0.0894954594908 0.0668714903438 0.954634815737 -1.16954460095 0.684848265653 -0.340761061097 -0.131136474193 0.395673737128 0.565474241041 0.446389118298 -0.228796916273 -0.642299866462 -0.795142920694 0.0965472842375 0.35290500348 -0.0547280100288 -0.0510012377843 0.115832446263
153 1990 0.0154098243171 0 -2.45286273956 0.406884016716 0.494576983522 0.391489588639 0.500032730465 -1.46717949445 0.085739113751 -0.10139400335 0.0515351942197 0.959476874397 -1.16346143612 0.685464710187 -0.315956212029 -0.150025432534 0.395177378012 0.55871921031 0.451215045177 -0.244452829173 -0.611352770062 -0.759150287457 0.0935436171405 0.363789755284 -0.0649639445881 -0.0314488200637 0.121325270084
154 2003 0.0154299025138 0 -2.48558807373 0.403089461848 0.469950292081 0.383801669717 0.508944772573 -1.47381555017 0.100690996683 -0.091851863968 0.0648196027802 0.936457718259 -1.13864861887 0.695170057946 -0.337556251621 -0.139856491232 0.393999554283 0.556818865407 0.460142047639 -0.246694844866 -0.619252269134 -0.794364044295 0.0862274826371 0.362236340221 -0.0568722976735 -0.0472428287459 0.126038527744
