% # columns="iteration, evaluation, void, void, void, xmean", seed=342690, Mon Feb 27 12:00:26 2017 # scaling_of_variables: 1, typical_x: 0
0 1 0 0.0 nan 1.0 1.0 1.0 1.0 -0.5 0.0 0.0 0.0 0.0 -0.5 0.78539 0.0 0.0 0.0 0.5 0.78539 0.0 0.0 0.0 0.5 0.0 0.0 0.0 0.0
1 14 0 0.0 nan 0.786656072774 0.892862800287 0.992555208556 1.14349922311 -0.620261766502 0.0745635591253 0.192112599656 0.00372834919469 0.116761660639 -0.441644609571 0.907380696887 -0.12318504998 -0.0852165891353 0.103451712244 0.462575705296 0.637411933179 -0.0165904749931 -0.0181168020139 0.0588286310343 0.511426044407 -0.0453473899388 -0.0395228979631 -0.124549310528 -0.00988510261702
2 27 0 0.0 nan 0.859398966082 0.853399626202 0.996003502452 1.17354968406 -0.746832479862 0.0213514392143 0.192469587101 -0.0704048960628 0.324458631783 -0.513692700673 0.978707331006 -0.174678862988 -0.100059824311 0.194244674465 0.426497158299 0.712451919977 -0.0784626095674 -0.059164791788 0.0998410650027 0.459710984897 -0.17139264537 0.0902551695565 0.0300598801773 -0.057793829139
3 40 0 0.0 nan 0.832110927501 0.881113285548 0.836751650455 1.15029687379 -0.667428380105 -0.0358483003885 0.0848215549136 0.00545860838402 0.424712284135 -0.656165885611 0.799920456705 -0.121857779587 -0.13209034004 0.152994139014 0.390222647496 0.728477986294 -0.127298994328 -0.0822559808669 0.0879085826618 0.459357371045 -0.122281470046 0.138141410526 0.104494423001 -0.0155451039255
4 53 0 0.0 nan 0.785125925077 0.933840801294 0.869480587251 1.10011468761 -0.614650331312 -0.0381801415457 0.0576620388092 0.130683660185 0.4854258923 -0.795819433957 0.82883146728 -0.100102192662 -0.119045371096 0.16544288034 0.438958824249 0.761412207435 -0.142913673544 -0.100066673189 0.105118618648 0.493528358687 -0.104356035478 0.203312106633 0.201452897943 -0.0173440443717
5 66 0 0.0 nan 0.740995554295 0.940634677555 0.827354130819 1.24953049693 -0.762393652231 -0.0785659220007 0.0177909245866 0.16390444831 0.47197283028 -0.714296905581 0.851000143092 -0.080097923088 -0.0691134987799 0.280779648138 0.490263749698 0.717027002781 -0.133736693108 -0.174175522454 0.112713549218 0.346671669071 -0.0344561965567 0.231648887476 0.410099022358 0.0502717567259
6 79 0 0.0 nan 0.774832645591 1.13156501304 0.880623309424 1.12057051179 -0.871882900049 -0.176716351739 -0.0554760227034 0.165376507363 0.553154866002 -0.730254638713 0.850635961886 -0.0450312574703 0.0449288211742 0.215445342235 0.448670829695 0.719066531758 -0.112211108005 -0.0322988359677 -0.0201431478913 0.326987344337 -0.0667921249775 0.207575471878 0.42108187157 0.0274713027993
7 92 0 0.0 nan 0.806061296683 1.10312131229 0.808595442742 1.27667033598 -0.90350281123 -0.209278115672 -0.102017036893 0.251963422819 0.598423341273 -0.707100769719 0.882286811447 -0.0500721911738 0.0117934362153 0.247228927278 0.585684079153 0.707902626262 -0.202762905673 -0.0512930930147 -0.127570440079 0.204787445883 -0.125649325406 0.22848496919 0.400526161809 0.107801889328
8 105 0 0.0 nan 0.675896161502 1.17831553283 0.776357517371 1.14357538568 -0.999285040377 -0.229009449173 -0.0995809854771 0.183203215087 0.544030606904 -0.635468828209 0.839646775114 -0.129890035969 0.123530630821 0.334079636483 0.452212233396 0.732518103905 -0.294106202547 -0.00594477693029 -0.00659299252507 0.268280792565 -0.0912968048152 0.0746497867369 0.328419054887 0.117883192225
9 118 0 0.0 nan 0.697326564608 1.1889930506 0.791634093811 1.16861934433 -0.988517752712 -0.182847357727 -0.183258406937 0.229194712779 0.697138228303 -0.761768325963 0.869527970977 -0.163582836659 0.189962612889 0.301625053517 0.54447675499 0.776704068608 -0.171008533395 -0.18279302007 0.0700203546164 0.227663491384 0.0213060085507 0.0187830292383 0.265238247955 0.21426366438
10 131 0 0.0 nan 0.623295594373 1.23095481928 0.797341684775 1.08581043932 -1.02382814468 -0.133759334786 -0.245672382932 0.245455227089 0.690389747902 -0.935774762528 0.787041495533 -0.327582440755 0.259115507263 0.349975237701 0.500535200493 0.72318874943 -0.20338127092 -0.220684849901 0.0841633334607 0.288113509607 -0.0153540325593 -0.0152183300422 0.287242805094 0.247516644166
11 144 0 0.0 nan 0.585720161458 1.16653611162 0.929658486239 1.14138089825 -1.07760083352 -0.222671433688 -0.222624040895 0.336293900634 0.747011018823 -0.965903697725 0.842448527313 -0.236967812825 0.221292818806 0.425236368065 0.414608010335 0.71988803628 -0.211592434389 -0.279865358004 0.137044821822 0.1415473418 -0.147198734932 -0.0159180103187 0.406492621678 0.215864187897
12 157 0 0.0 nan 0.52565505614 1.12425749874 0.812090079219 1.1183895523 -1.14859929054 -0.125460738679 -0.402613014939 0.358018467435 0.635500506529 -0.863076454926 0.789528017423 -0.318292504602 0.235940436243 0.490794253066 0.482443415227 0.688196749548 -0.208394137473 -0.306229780864 0.0771712368919 0.0912560134156 -0.179264386753 -0.050775069493 0.405021980456 0.247787721254
13 170 0 0.0 nan 0.569346157771 1.17299931511 0.843948796167 1.06500779477 -1.2613423964 -0.206110986717 -0.28967635208 0.312666430902 0.482333679592 -0.97667668188 0.658719716171 -0.292456722869 0.195890318627 0.474447403859 0.483021623281 0.793577541352 -0.189842565503 -0.44519192434 -0.116621428173 0.20426783472 -0.165530405783 0.0274305494579 0.279569522748 0.196906012485
14 183 0 0.0 nan 0.529239984144 1.07222829685 0.887620437643 1.08026357658 -1.16868088639 -0.134115829027 -0.133777817929 0.32977234882 0.455829778748 -0.89206386908 0.860434611262 -0.0793529073761 0.199362852101 0.460808171934 0.582904875332 0.778650047461 -0.143875059351 -0.515283970045 -0.0797402043014 0.301818894275 -0.247287531153 0.0298258148657 0.331977922953 0.144447403867
15 196 0 0.0 nan 0.52966472182 1.1027429286 0.735162031755 1.09490150499 -1.25805819184 -0.126677175062 -0.204132223936 0.359213265386 0.410643824092 -0.923548051442 0.888678902108 -0.0424961446619 0.215166697992 0.440118312411 0.57452117291 0.760522735011 -0.0308532797574 -0.529001423915 -0.159895813511 0.265762511733 -0.187034015706 0.178334314956 0.316365008965 -0.00313559783831
16 209 0 0.0 nan 0.543887413787 1.13203032904 0.829380669924 1.00359874472 -1.24524623703 -0.0873404251945 -0.206632285953 0.236734203339 0.35905551631 -0.867422529303 0.876982811534 -0.0844774840095 0.105475225351 0.411799169207 0.461957486925 0.741418938804 -0.128215255824 -0.563098215133 -0.222776317794 0.21272035937 -0.0933408327124 0.381380400642 0.302153552085 0.0882041591937
17 222 0 0.0 nan 0.593202638652 1.11943835034 1.02744610838 1.02332952926 -1.2295654154 -0.100611981347 -0.269746321078 0.299860779674 0.405888697649 -1.00012209792 0.799749328968 -0.123229486975 0.0700017457446 0.399402901234 0.394524573237 0.702037131709 -0.191146642387 -0.476339988354 -0.189601557307 0.258183931033 -0.0521636888143 0.266040565905 0.158995751497 0.169631395072
18 235 0 0.0 nan 0.658978207772 1.18923935905 1.02390293666 0.905980848259 -1.27578391256 -0.138328051542 -0.227042810588 0.25478017939 0.57137285212 -1.05572838421 0.707842509027 -0.0742876567047 0.0340188020671 0.270992380392 0.381182965757 0.805771595159 -0.194928885205 -0.456286685341 -0.180843422578 0.258625910207 -0.0976182561761 0.141722935973 0.230020162638 0.17519543818
19 248 0 0.0 nan 0.7358557982 1.24667458479 0.890429690284 1.02158584659 -1.25099513381 -0.11797459125 -0.183453279485 0.259670611922 0.491715724113 -1.02421433044 0.696053679261 -0.162345770064 0.0388126495004 0.246747676513 0.357008516256 0.815390995762 -0.174944102541 -0.448908188987 -0.293125106641 0.225910666965 0.0077676938519 0.0798316033038 0.249800269893 0.0915189682096
20 261 0 0.0 nan 0.775178119318 1.19605275199 0.915607932413 0.921976733893 -1.18985588085 -0.194841681369 -0.138095194266 0.147511365369 0.440624063301 -1.03303593423 0.817943924349 -0.232168455376 -0.0111828978776 0.25120635727 0.299773851222 0.742980823596 -0.0789274369181 -0.359785924654 -0.313077103879 0.269396412599 -0.0418889503776 -0.0243028253271 0.246350030321 0.0728594456939
21 274 0 0.0 nan 0.711692871658 1.1074966018 0.955841751862 0.931792048987 -1.1321142411 -0.243475702683 -0.0882983262251 0.202991370091 0.517405803786 -1.04941156053 0.888425458682 -0.0631388582381 0.0516568008845 0.277302917528 0.396893587387 0.693332133259 -0.014051818718 -0.339866656228 -0.274946370669 0.279900107347 -0.109555648972 0.0298609821188 0.205913180268 0.132740643097
22 287 0 0.0 nan 0.694080720011 1.09371485681 0.969707538662 0.85875571904 -1.06185249919 -0.165475735845 -0.114333737481 0.232887022812 0.512755948433 -1.13319115578 0.903159430257 -0.0689016845726 0.174465162293 0.239443672833 0.429570175565 0.711716355327 0.0202572731662 -0.329626469786 -0.258487168475 0.25515348146 -0.101755917721 -0.090447455337 0.0451663952083 0.0726184890374
23 300 0 0.0 nan 0.601227048028 1.14893453101 0.951581762082 0.926136707695 -1.07680359999 -0.218868185173 -0.031467320763 0.12580921269 0.563983908564 -1.13629062979 0.891010549706 -0.0721976900636 0.0976357878366 0.225123263983 0.455966896158 0.708845752425 -0.11142352299 -0.32732572584 -0.194287316902 0.257337076696 0.00806003714249 -0.12419871433 0.0128613783555 0.0570319453795
24 313 0 0.0 nan 0.708724059039 1.08123600924 0.952889228057 0.981587610706 -1.08988526893 -0.264914566875 0.0114782624424 0.0743194327067 0.545368657033 -1.11889594025 0.859323906725 -0.111180998514 0.138372897671 0.23713811294 0.494597216396 0.704625899795 -0.0320537623249 -0.348504841696 -0.372510162463 0.198087652621 0.0620503578472 -0.172180557601 -0.141061061535 0.0371146307713
25 326 0 0.0 nan 0.748051377789 1.14177074514 0.929846751627 0.920120791604 -1.15425569069 -0.280125818079 0.0695645630679 0.0930169680533 0.538901582514 -1.11423084798 0.898520205258 -0.126407618712 0.0889253424735 0.213695114079 0.511786936284 0.63264010046 -0.0731628673562 -0.370376402578 -0.321663065827 0.143126456872 0.0662238388872 -0.187179261972 -0.122098755061 0.153539664357
26 339 0 0.0 nan 0.77632439118 1.14024341492 0.901626558222 0.916880096142 -1.13579753237 -0.287973987026 -0.0124134742595 0.0782463560997 0.663911187703 -1.10526762683 0.886707154918 -0.222320547211 0.0472221342633 0.264693149389 0.554572964345 0.731498468798 -0.0937021116604 -0.395286979326 -0.387356306635 0.231693928924 0.151702176379 -0.127436914683 -0.142496371571 0.145003085281
27 352 0 0.0 nan 0.703510687079 1.22103407615 0.971365585349 0.96702954641 -1.11384046902 -0.227132081378 -0.119710067287 0.0715677543601 0.718055050697 -1.20100387511 0.848903268221 -0.194081645811 0.0259021598061 0.305751037994 0.512798879956 0.707681707573 -0.168258534654 -0.444203049953 -0.4902546143 0.204131069845 0.229029667374 -0.0706233605522 -0.0963168356642 0.250145872941
28 365 0 0.0 nan 0.715934830118 1.22843788546 0.960637464709 0.979689508011 -1.16578809285 -0.281541284779 -0.126511831183 0.0911364962474 0.781530755202 -1.22988342019 0.922917455448 -0.176986956067 0.0637988266383 0.333117643726 0.484097263384 0.675004396128 -0.104788458723 -0.39011913916 -0.501441978215 0.263467741827 0.287671059962 -0.0252192137977 -0.0611772372332 0.186836906264
29 378 0 0.0 nan 0.717603939165 1.18189670549 1.0983821125 0.929299415763 -1.17876237837 -0.278734779995 -0.120658425919 0.0436086465958 0.768681796427 -1.24597610494 0.966214062276 -0.154496620322 0.0869247515096 0.296623239586 0.410586356413 0.738996514193 -0.166938012111 -0.403728878544 -0.444936496426 0.219826484374 0.34904311275 -0.0968891514732 -0.0300891963845 0.170736077994
30 391 0 0.0 nan 0.630473792129 1.18405676505 1.05269648843 0.961917995657 -1.1637368219 -0.175149225259 -0.13197741929 0.156411855289 0.749251458843 -1.17169949115 0.943315714877 -0.0999777207812 0.0149689432073 0.394038183028 0.474009423203 0.789263227088 -0.190613492975 -0.431916601018 -0.509159788291 0.155031616846 0.330556001531 -0.166827108951 -0.0845556462514 0.183640339853
31 404 0 0.0 nan 0.628658116583 1.27209253636 1.02364922031 0.986898653682 -1.24405957662 -0.100076148539 -0.0688213429075 0.11394807336 0.83356116695 -1.15253615054 1.0607894445 -0.0640424468872 0.072713612693 0.346458982163 0.463887962938 0.716867080596 -0.168657092334 -0.418252038697 -0.587352511237 0.0935001071201 0.472340458387 -0.1830780365 -0.0121125381652 0.1727486804
32 417 0 0.0 nan 0.65317499685 1.24198640459 0.979232122037 0.986620105044 -1.25440516572 -0.114461291301 -0.181674606206 0.118004398104 0.834127100584 -1.19338567448 1.01688683561 -0.0945775881128 0.0689529823683 0.351893879165 0.553267831666 0.576086697675 -0.276769773871 -0.426906064647 -0.644975071819 0.143521804716 0.459303138342 -0.136757762947 -0.0731049175761 0.18805788608
33 430 0 0.0 nan 0.674819763805 1.21514904661 0.927379953513 1.03284135632 -1.27060039095 -0.146411805606 -0.198624989869 0.177723092466 0.793436702021 -1.07968630728 1.02595120264 -0.102529143328 0.14715790371 0.30756805123 0.563569091619 0.65261222019 -0.291493380015 -0.415513742155 -0.652372418606 0.198025867925 0.387542770144 -0.0411533675086 -0.146906138166 0.220784047055
34 443 0 0.0 nan 0.612275802542 1.22378437665 0.866712775163 0.985079841335 -1.35428849812 -0.191659627566 -0.19146997773 0.175617554499 0.878972836289 -1.07210359221 0.925058074097 -0.0796445678927 0.145545122468 0.330222063505 0.549524743051 0.618314249935 -0.327746360789 -0.391773489047 -0.701569247186 0.189672714963 0.415418760903 -0.0554326459049 -0.141557085491 0.135657169113
35 456 0 0.0 nan 0.604647411763 1.21254931106 0.804334175583 0.96052823103 -1.46784850544 -0.118254891449 -0.192185221331 0.191591598447 0.807939946588 -1.06492857775 0.986580780514 -0.0843493357387 0.0990680742667 0.333190775661 0.528550066702 0.549679537022 -0.336242113109 -0.352510505535 -0.645775324389 0.191856362021 0.44226695363 -0.0856215076482 -0.0899023218367 0.17002687746
36 469 0 0.0 nan 0.684888250925 1.16107041429 0.821238562793 0.820972937766 -1.47656105069 -0.145077197863 -0.263280213752 0.190415884925 0.820736463041 -1.10671022365 1.04674252678 -0.0714321388796 0.132106822367 0.306312708442 0.519472544966 0.597744650767 -0.283362440717 -0.370466415146 -0.689296906789 0.1523189038 0.399097309986 -0.154874951 -0.0784424557731 0.164186448296
37 482 0 0.0 nan 0.704426171565 1.16305497496 0.849177741611 0.807044418433 -1.50725595094 -0.119298875179 -0.215666919484 0.203758748999 0.781119576395 -1.11159552075 1.03381772908 -0.0581571588162 0.140886525574 0.359293756246 0.519759046149 0.575226370368 -0.282475788045 -0.376180920378 -0.700022298344 0.164820110689 0.366499803454 -0.172160064789 -0.0726530071733 0.112940709915
38 495 0 0.0 nan 0.720562513127 1.12910981135 0.880532799409 0.819709458296 -1.45794689936 -0.065947329423 -0.219555671151 0.210430697393 0.758295501111 -1.08523971551 1.07602926079 -0.0393750370505 0.150960710709 0.313993889741 0.532730625859 0.610802417099 -0.237136914525 -0.322431431854 -0.669372506284 0.139790294567 0.364298022278 -0.0795192371363 -0.0288353492191 0.150535038821
39 508 0 0.0 nan 0.666194497513 1.12591121296 0.861749575677 0.741021516781 -1.46338973583 -0.00935846953006 -0.217763517664 0.285393046797 0.795782164741 -1.11632482873 1.00489040396 -0.0409619689612 0.13904760017 0.346358309737 0.485916989321 0.574722011593 -0.186346938339 -0.360662728815 -0.710722620538 0.141850344776 0.38633257162 -0.109025129524 -0.0249473926627 0.150339604126
40 521 0 0.0 nan 0.660898513609 1.11087685535 0.92531764675 0.74342990586 -1.46561528211 -0.0159294197822 -0.191185355381 0.279852552152 0.932238886829 -1.1982808586 1.00827394658 -0.0225915421662 0.0846156849729 0.279114081959 0.531620099613 0.544003806655 -0.220799569541 -0.424647128352 -0.617952998612 0.213931075608 0.375474703922 -0.129479004403 -0.00557096159201 0.203110331759
41 534 0 0.0 nan 0.666119434851 1.09952948182 0.947987015263 0.750489638228 -1.4942974959 -0.0767471597586 -0.191423950136 0.261796741623 0.901659708061 -1.1728871148 0.988692432383 0.0285531196501 0.034102767403 0.252266454349 0.509455492298 0.53404957809 -0.210477152756 -0.433876250851 -0.65229686416 0.255905448857 0.325090748818 -0.0934682890349 -0.0307091315533 0.18146026118
42 547 0 0.0 nan 0.628414644327 1.14914889944 0.974303897771 0.837678277442 -1.49851504968 -0.0306256396351 -0.224772587835 0.248634894317 0.948374051599 -1.19346934012 1.00034237702 0.0482985596071 0.00515119439113 0.286032846085 0.529956053308 0.56264778885 -0.188360405122 -0.402456497915 -0.685243296861 0.222249196455 0.337920710064 -0.14877840685 -0.0688028737546 0.251695264606
43 560 0 0.0 nan 0.608778438412 1.14239133064 0.991108899779 0.863373237375 -1.43983822853 -0.0309639862961 -0.202744755099 0.253341747375 0.950370510709 -1.22167971177 0.984922408891 0.0204939087659 0.00566569370295 0.305410494691 0.448778474881 0.542160251481 -0.214996474058 -0.449161930359 -0.682389768477 0.344700791236 0.332333804118 -0.18547248115 -0.13002575626 0.261088626476
44 573 0 0.0 nan 0.608419636623 1.14893810131 0.991712043367 0.910725101054 -1.47544967058 -0.0171036830376 -0.190100884664 0.175205072502 0.881459134087 -1.18885012927 0.987734949375 0.00154480660987 0.000788518294384 0.298179529361 0.513515486734 0.513631977881 -0.213806157212 -0.448048835266 -0.726936010872 0.341353268618 0.36081184521 -0.202937136585 -0.132558511515 0.251093594057
45 586 0 0.0 nan 0.649120347511 1.10336379359 0.938036494001 0.893737021974 -1.49373782037 -0.0238072018403 -0.143843260241 0.1636074746 0.884087323711 -1.17944547159 0.954385954835 -0.0666964952687 0.0212779863767 0.327548773343 0.550046682821 0.43695467441 -0.204199046345 -0.454174699216 -0.764761592133 0.326601906934 0.377335417302 -0.145574187288 -0.107005608847 0.231919703177
46 599 0 0.0 nan 0.660851853323 1.02531583096 0.91862263239 0.863704878758 -1.51905099055 -0.0309286836186 -0.12522638068 0.149922295304 0.90902217647 -1.22304481287 0.973629112445 -0.038108481545 -0.0291744752081 0.339923427877 0.579923256696 0.380833535667 -0.24244791413 -0.447418309541 -0.751343445964 0.295094295521 0.373106095151 -0.142654833347 -0.0842854341711 0.19367393693
47 612 0 0.0 nan 0.648811740175 1.00289552062 0.87305579703 0.846945974044 -1.51230817428 -0.031151577037 -0.113350559401 0.107894538294 0.911295817337 -1.20566344564 0.951432344788 -0.00971518329345 -0.0242918773399 0.329079733016 0.531481926808 0.383349520782 -0.262205761897 -0.460147208986 -0.794343222724 0.264705002198 0.348116335557 -0.192559109729 -0.0591069875127 0.212221802764
48 625 0 0.0 nan 0.620880197368 0.999822822485 0.86808478487 0.833275025571 -1.49394302176 -0.0804149546151 -0.0874208032908 0.116213308557 0.883716067664 -1.19939035756 0.944702695262 -0.0524411548144 -0.018665771886 0.336227317184 0.4893468777 0.425359877126 -0.292798079898 -0.469413101475 -0.753696286945 0.272247571445 0.371607725555 -0.172911952667 0.00116738308361 0.194750936883
49 638 0 0.0 nan 0.614669281077 0.968027186477 0.836697060505 0.785254846068 -1.52854981858 -0.0219627141171 -0.130454370206 0.0937569269237 0.915973014864 -1.1366652409 0.926637366267 -0.0926425642464 -0.0542258017844 0.318491343253 0.508106824387 0.411105921742 -0.276762869421 -0.485548098506 -0.772564178715 0.268010799572 0.3762468023 -0.146639175532 -0.0157066749237 0.254889211758
50 651 0 0.0 nan 0.60775205523 0.92213892481 0.764584143984 0.800345019656 -1.51619833712 -0.00226499049808 -0.0976549096779 0.13543938107 0.87086383014 -1.09334652491 0.955176122902 -0.0755017042551 -0.0945181910796 0.339469319485 0.484223914435 0.403651444622 -0.275708562838 -0.491917018371 -0.7829943694 0.256934860488 0.37997661716 -0.181917730185 -0.0372156695326 0.211794230368
51 664 0 0.0 nan 0.633328476361 0.908415614932 0.803551532999 0.791795883876 -1.54421116216 -0.00275600578755 -0.0994542057289 0.0955696909861 0.882470785914 -1.08996505078 0.918146854857 -0.0477448497858 -0.0194561933784 0.30291860453 0.548161513073 0.448066949283 -0.297629064412 -0.451156327694 -0.806220872941 0.244365807647 0.339771912413 -0.167426317712 -0.0163924074702 0.220797557963
52 677 0 0.0 nan 0.659505349429 0.8956427116 0.800207986659 0.808225474333 -1.56599020539 -0.0191513266877 -0.0948080075231 0.114252872942 0.898410876846 -1.11597295475 0.881870533206 -0.0449586369014 -0.0387985228508 0.339023353614 0.516880210272 0.516708673582 -0.328735427312 -0.392630563749 -0.799337385151 0.301549874357 0.35414952034 -0.1810779599 -0.0661991711022 0.262312654886
53 690 0 0.0 nan 0.657789184452 0.956765168815 0.780140877819 0.845064601203 -1.58661139385 -0.00589596383228 -0.125070238306 0.0852461353131 0.861798556688 -1.06050230725 0.932982840341 -0.0226230219816 -0.0375928390026 0.325681399898 0.54664591291 0.543128505291 -0.326522357864 -0.346631914501 -0.854432761567 0.312958116818 0.398701048526 -0.210490895246 -0.0906041321069 0.301674772829
54 703 0 0.0 nan 0.624915437638 0.892489869802 0.784563498167 0.843408481438 -1.65219751387 -0.00425564417405 -0.0931416854079 0.0939444667763 0.849651549414 -1.10658590218 0.973065738629 0.03261906372 -0.0755732872639 0.356197528513 0.521158915778 0.508129703782 -0.361675482006 -0.335972956093 -0.840970023768 0.275093371093 0.390002648622 -0.111508098881 -0.0167282444151 0.250778098567
55 716 0 0.0 nan 0.580850870621 0.883428895547 0.788167381376 0.83440229451 -1.66486549531 -0.034226826224 -0.116648590824 0.0427175695036 0.848667261051 -1.11252960927 0.944295847404 0.0251599331829 -0.0756853376796 0.350532377631 0.512342370106 0.460725675171 -0.368607649506 -0.31245295561 -0.824243275543 0.313187188539 0.325522075142 -0.161580738377 -0.0369067954847 0.250925470712
56 729 0 0.0 nan 0.587806452868 0.917879870453 0.782332499634 0.806141985944 -1.62514060717 -0.0372771065102 -0.13493510151 0.0753752579759 0.909125625845 -1.08910117522 0.926696728348 -0.0224509111741 -0.0341934240958 0.336227142831 0.520979858716 0.454562045008 -0.364938841603 -0.365638254038 -0.823445942248 0.321212810219 0.301578577918 -0.155006505721 -0.0116601737321 0.324745077151
57 742 0 0.0 nan 0.59556322408 0.91654065581 0.801721419433 0.73603366677 -1.58103628905 -0.0429669420871 -0.13850168923 0.0369652331812 0.913247308769 -1.10200090147 0.921367643469 -0.023141169989 0.0101034725016 0.332988911517 0.539231287545 0.44250488725 -0.333219450927 -0.399110830906 -0.82251006182 0.285179371798 0.292411564243 -0.14224471139 -0.0509140356437 0.33510310082
58 755 0 0.0 nan 0.571330596326 0.901681952105 0.813647836392 0.750799162419 -1.53900747409 -0.0308651346646 -0.143295059772 0.0391022811169 0.891024642138 -1.10786479973 0.938197757383 -0.053920288361 0.00525235165674 0.346538308719 0.535308158855 0.435163125964 -0.348317682671 -0.395804249694 -0.825489415331 0.292504850612 0.322190877065 -0.12641465479 -0.0248881303493 0.335761098568
59 768 0 0.0 nan 0.565462604225 0.884404817966 0.803540387762 0.756880801884 -1.54726358937 -0.0357556162068 -0.133459656409 0.035043585109 0.900216808949 -1.11299656228 0.95425091984 -0.0498153931554 0.0324090396167 0.355603122363 0.573701013092 0.43453335404 -0.32419486986 -0.375087007958 -0.831082390049 0.289568085203 0.33524919896 -0.136313825302 -0.0606457333298 0.357963645853
60 781 0 0.0 nan 0.561192747622 0.877470710787 0.796642936547 0.754053528064 -1.52113927796 -0.0117780639535 -0.105656660625 0.0250750068973 0.92259500529 -1.10232978137 0.935565661481 -0.0908567725867 0.0118513050338 0.350966411979 0.592461673971 0.387306297921 -0.299842817485 -0.387296636732 -0.8459783753 0.300802742247 0.330326402622 -0.115972096071 -0.0548071883418 0.334367969351
61 794 0 0.0 nan 0.555167283141 0.881354111116 0.786771927284 0.737585926779 -1.55303543428 -0.00754918025045 -0.0987591866078 0.0509950123716 0.957396457804 -1.13699414963 0.942370957988 -0.103977608178 0.0301945653848 0.31877420908 0.604713223263 0.413261266439 -0.253611713234 -0.379371602305 -0.827279314569 0.327250159601 0.33518682031 -0.13114080823 -0.0764403405801 0.35874589941
62 807 0 0.0 nan 0.562711802824 0.873019518731 0.782683601654 0.718452789487 -1.5825057418 8.31704964894e-06 -0.111828264408 0.0644317197698 0.977061984473 -1.17480755516 0.922150850913 -0.0964270134814 0.00774730361252 0.331782543687 0.56813600061 0.433188817662 -0.243305347902 -0.376960781447 -0.826272357704 0.343381007572 0.351697703431 -0.136622251528 -0.0940261511006 0.326414806974
63 820 0 0.0 nan 0.524616184008 0.843997505715 0.761808730349 0.688636723334 -1.56735303836 0.0160773145731 -0.0776856012212 0.0483935171456 0.977008826557 -1.191847955 0.942131676955 -0.0797070480192 0.0197258547782 0.323821108689 0.572460678636 0.394919367879 -0.2719886509 -0.418155512989 -0.802454395235 0.316000472953 0.367910094735 -0.141566475006 -0.037332195357 0.325768016928
64 833 0 0.0 nan 0.546764523802 0.873613208489 0.758417874442 0.684610645847 -1.53244483131 -0.000598214566567 -0.10525936701 0.0462868637757 0.96467398033 -1.23778597776 0.916691100285 -0.0663827347949 0.00184620746707 0.307366945744 0.583463156284 0.390784559197 -0.283756362294 -0.418152308706 -0.785123073019 0.331623455317 0.36589567975 -0.10972927639 -0.0511811067242 0.343422613593
65 846 0 0.0 nan 0.507618019035 0.839633669397 0.730430439708 0.684612992145 -1.50548580897 0.00411077792149 -0.101516101154 0.0383180596189 0.974802714988 -1.19677883219 0.920421241115 -0.0759302370451 -0.00864940007498 0.332021117363 0.58271929323 0.396428602916 -0.268508114764 -0.447340354104 -0.760569378233 0.319092705715 0.376141006608 -0.0944486815285 -0.0692468855618 0.340148835886
66 859 0 0.0 nan 0.497695147204 0.829891976832 0.736858165698 0.69663197526 -1.52701158993 -0.00294051174181 -0.0924357320303 0.00117015027828 1.00060582896 -1.18213922884 0.904990504712 -0.0861288515452 -0.0229315601256 0.356757334569 0.586634104902 0.371175710455 -0.271975593476 -0.439894472299 -0.788488277022 0.315532572602 0.392323277261 -0.0886058659565 -0.0757503325714 0.348820443861
67 872 0 0.0 nan 0.499220700849 0.814554351354 0.719850310832 0.689062213097 -1.52938677186 0.038666122323 -0.0827031750807 -0.00276552967995 1.00426334862 -1.19996716053 0.973673512391 -0.0840347092507 -0.00957228117897 0.349822225662 0.581468895755 0.343142851463 -0.285867093164 -0.428043948625 -0.795440716549 0.303106455803 0.38122583962 -0.0632577471673 -0.0515827435509 0.363189997011
68 885 0 0.0 nan 0.502509864677 0.776238682996 0.705130081838 0.656862160522 -1.54395575181 0.0746234259838 -0.0680745346952 0.0169108818452 1.00025011299 -1.24130931556 0.954471644891 -0.0788257318984 -0.00451905482196 0.329862322159 0.576715538634 0.34514858474 -0.257152408484 -0.455858425936 -0.78707053401 0.303477984906 0.40882605336 -0.0766215499962 -0.0644527717999 0.369313199311
69 898 0 0.0 nan 0.490688986324 0.773155741559 0.703778149679 0.666031521997 -1.54404723885 0.06205386849 -0.0938532744727 0.0494990153985 1.01415049721 -1.23147129516 0.927119481773 -0.0925293469394 -0.00660122359262 0.355508001371 0.53120334342 0.328257962057 -0.271194803455 -0.46596689861 -0.799868692212 0.295045230919 0.386662827579 -0.0785311465544 -0.0748462519364 0.387517588007
70 911 0 0.0 nan 0.492245538784 0.760305066019 0.704058509192 0.650001170019 -1.5599480649 0.0809608371482 -0.0729986394769 0.0206106129868 0.993652493739 -1.20947723166 0.90719877899 -0.0843783259809 -0.0130231563468 0.37414759867 0.536389086482 0.348275103079 -0.263133503278 -0.466594054972 -0.808238925424 0.28689637768 0.426054652836 -0.0803898536824 -0.0643633746103 0.324127156408
71 924 0 0.0 nan 0.501098349275 0.741774825204 0.711473598727 0.632958186233 -1.54121738234 0.0795471645909 -0.0531215144057 0.0387365293756 0.968580013456 -1.24387048378 0.894140275268 -0.10535293798 -0.00508468877644 0.366592181484 0.55611398189 0.327468138064 -0.26030251216 -0.480428024446 -0.788623888412 0.300415133363 0.441055309006 -0.0569260445778 -0.0677686146275 0.325636771546
72 937 0 0.0 nan 0.485631430095 0.758645091971 0.691679517672 0.613880052424 -1.55187692465 0.0824699081305 -0.0747392442138 0.0379881541409 0.970050452614 -1.26173110363 0.887733148066 -0.125580019389 0.00269990844208 0.356129528 0.523737534914 0.338083871287 -0.225271239415 -0.500772897664 -0.788113068766 0.316196563068 0.41313859454 -0.0656516653412 -0.0788291675214 0.308831903319
73 950 0 0.0 nan 0.477205281841 0.756378528521 0.649133175935 0.62012585458 -1.54041993475 0.0795202726157 -0.101429886614 0.05129507204 0.968081729014 -1.26057937261 0.855260497634 -0.138487390346 -0.0222407894942 0.336202589963 0.534578339565 0.333259000747 -0.255477533934 -0.494629253554 -0.749935672044 0.306766530801 0.409379528237 -0.082691750399 -0.0899727147345 0.306865228059
74 963 0 0.0 nan 0.485472882575 0.781116001947 0.646770140382 0.624025328291 -1.54930802074 0.0687412195801 -0.107332941282 0.0495095030646 0.947723551861 -1.23608276732 0.857801276412 -0.119105464361 -0.0428976748357 0.336936901407 0.515574207913 0.333377438666 -0.248861655337 -0.498839694253 -0.721386065144 0.264701551268 0.415189627891 -0.0934556481343 -0.0804437842644 0.305358837727
75 976 0 0.0 nan 0.480162091454 0.784359616269 0.626525780238 0.64692166635 -1.55360584478 0.0704852980159 -0.110822571175 0.0690040028606 0.929410389131 -1.23714603363 0.859794270726 -0.122480983532 -0.0423010053765 0.355913039619 0.550072164478 0.324920197678 -0.266091052695 -0.461878728016 -0.723025604309 0.277011684435 0.388749448106 -0.085318845293 -0.0691613804472 0.307818647392
76 989 0 0.0 nan 0.485460382075 0.767264406823 0.588934729317 0.65793479287 -1.55389123319 0.103590419319 -0.100987736874 0.0998358839513 0.935978391066 -1.24259921946 0.855604580988 -0.14606694554 -0.0780198142975 0.371696967202 0.55359826901 0.344601957843 -0.252636946723 -0.475170930099 -0.718869942093 0.318034826165 0.370817185849 -0.0728123548459 -0.0370153735491 0.311472533336
77 1002 0 0.0 nan 0.50061403575 0.727673705373 0.562595243626 0.674121572276 -1.59170630873 0.11793077208 -0.0515128902313 0.0838354016369 0.967513386687 -1.2442385214 0.868107445332 -0.0868277747187 -0.108723024188 0.358161792055 0.520541532491 0.354026971147 -0.260075414316 -0.479114788539 -0.737072889397 0.30343758823 0.381979696194 -0.0776905706936 -0.0499612670907 0.287763069683
78 1015 0 0.0 nan 0.488076367911 0.706703241849 0.557084381553 0.678720484279 -1.56331210772 0.109893404789 -0.0477364771214 0.0947691191317 0.940173772395 -1.23252793414 0.886211672728 -0.0769935906038 -0.114208040513 0.350275169051 0.496861337673 0.352730571757 -0.286829055791 -0.46150621304 -0.766111918782 0.294180914464 0.410176266495 -0.0704021966469 -0.0753940788706 0.273539476018
79 1028 0 0.0 nan 0.484564939449 0.704375863015 0.541852552202 0.717116187256 -1.5247428328 0.124017815247 -0.0699932660618 0.095998301363 0.95009332056 -1.2335805314 0.858812535066 -0.0936001728491 -0.124623571054 0.356348459792 0.504728646706 0.375125450396 -0.249946875485 -0.461199651654 -0.769048896982 0.316071191888 0.410603923435 -0.08469753412 -0.0740640016835 0.244189478673
80 1041 0 0.0 nan 0.508357024401 0.706005977096 0.55100205721 0.709337411113 -1.50856305065 0.113212176799 -0.0853641376716 0.0855279664415 0.920509250455 -1.20700867783 0.861675493269 -0.0855204106488 -0.138457904458 0.34440140637 0.518473373769 0.419351863949 -0.244970109496 -0.433431327663 -0.772005959225 0.315695478009 0.432072326609 -0.100438868147 -0.044665531784 0.26963835647
81 1054 0 0.0 nan 0.503825191943 0.700414663579 0.560797025207 0.672219146943 -1.53692855223 0.111448408966 -0.0721513141437 0.113042090907 0.899267125057 -1.22446656593 0.865227456691 -0.133588347392 -0.165662707028 0.352942837943 0.541555414107 0.441850599843 -0.235885084409 -0.416384439103 -0.766220714854 0.303902969138 0.452887951474 -0.0971525520215 0.00406373376459 0.286529251587
82 1067 0 0.0 nan 0.497409675074 0.679295975152 0.531498725069 0.67201136459 -1.52587377508 0.10909795647 -0.0701632224482 0.135356821033 0.909321297091 -1.21081958248 0.855369851404 -0.158897222506 -0.150400075443 0.372050285755 0.543268839638 0.423594835364 -0.229427549809 -0.419524557261 -0.758254841426 0.293746484546 0.48263946196 -0.0971250328715 0.0129728748878 0.269815991408
83 1080 0 0.0 nan 0.493391900071 0.652708875501 0.524925858601 0.661795311326 -1.52982457096 0.0786161492919 -0.0838884063428 0.119806300388 0.932693100172 -1.22495134949 0.823291255316 -0.148730499823 -0.170806156053 0.387656673886 0.555218191221 0.436499245953 -0.214043005264 -0.483009213101 -0.775408715359 0.316731398326 0.458661780973 -0.0882641858926 0.0308354775617 0.288265345563
84 1093 0 0.0 nan 0.505729262051 0.655278902819 0.567535511066 0.651506518121 -1.50018410341 0.0798490994139 -0.0723620843596 0.117462613415 0.972984695505 -1.21053937833 0.816787208018 -0.128237605204 -0.173554641637 0.395855786715 0.575316656622 0.457835759916 -0.204855907068 -0.526074160022 -0.794898791109 0.325932714008 0.478720404825 -0.0940437469083 0.0375193349778 0.289191610748
85 1106 0 0.0 nan 0.479562842389 0.659998113176 0.537843172355 0.611430250329 -1.53113274888 0.0822149296208 -0.112828097495 0.10448915948 1.00469525122 -1.22305962062 0.821184926848 -0.134202533591 -0.149604485208 0.39119487522 0.577217838997 0.453702042614 -0.193714342382 -0.545558929261 -0.776376422572 0.346636573003 0.45873664364 -0.0767208246008 0.041636327064 0.270239704394
86 1119 0 0.0 nan 0.474207819939 0.639846979037 0.497779146113 0.61908222365 -1.54132203866 0.102789575967 -0.0713868695526 0.0942874480186 1.00316843216 -1.21598910596 0.831786263889 -0.128208771532 -0.119321955972 0.395750832356 0.626788186944 0.430356061479 -0.190066376416 -0.546324731934 -0.773955833168 0.334093715757 0.457275353082 -0.0722165209319 0.0509315077188 0.2830322635
87 1132 0 0.0 nan 0.475816310462 0.633954746248 0.45505347367 0.642402153414 -1.51086839963 0.0875128644716 -0.0711736415366 0.0903867385194 0.993449472714 -1.18368943392 0.833134202756 -0.130547247502 -0.13264811819 0.434910736324 0.636628299248 0.425285349559 -0.199893593656 -0.541615541489 -0.766312284224 0.331475412599 0.434735173186 -0.0714309719095 0.0647090237909 0.269792946933
88 1145 0 0.0 nan 0.476549537957 0.633985715925 0.506589671963 0.65549337855 -1.51912977975 0.0510487992168 -0.0729269247832 0.0718664148272 0.987449124846 -1.13065454084 0.8401414504 -0.117851414771 -0.159700237322 0.407266215061 0.619374955703 0.438162833627 -0.180403601798 -0.517628869777 -0.729436518167 0.303506688781 0.416503839592 -0.102967960986 0.0303496760548 0.232957492041
89 1158 0 0.0 nan 0.477461809742 0.625918192123 0.502537538873 0.654128081487 -1.51640840379 0.0247022137154 -0.0943683779403 0.111907030779 0.958900047673 -1.11515957811 0.80812396039 -0.160807134992 -0.165161168644 0.431845350557 0.65271912044 0.428723586507 -0.200209423961 -0.508373608078 -0.736756134161 0.279386937111 0.409204285075 -0.101118903034 0.0367794057634 0.214000131172
90 1171 0 0.0 nan 0.46950832268 0.652189501173 0.505701186831 0.639048555988 -1.53081182104 0.0422914324833 -0.0994475224734 0.127484556109 0.944010134188 -1.12227197958 0.784945669069 -0.172585188397 -0.177315781147 0.436085181183 0.61351408887 0.452495375567 -0.204055210546 -0.505047838507 -0.748836988488 0.254478419185 0.402695254066 -0.0829315131092 0.0141227303674 0.224736077335
91 1184 0 0.0 nan 0.436633853093 0.627557245885 0.481492544363 0.603403306411 -1.56696881995 0.0446728440539 -0.106943887012 0.0970276760605 0.989361918531 -1.15566466229 0.783208956701 -0.176109517375 -0.175598485404 0.429064639745 0.629704478796 0.417615593638 -0.19932233462 -0.529166925525 -0.724847586281 0.245834134389 0.380901245726 -0.0966666761282 0.0203609989155 0.214666439581
92 1197 0 0.0 nan 0.4299515117 0.602684486052 0.451970539747 0.594149768133 -1.53488946749 0.0863627649874 -0.0891930104187 0.11209869599 0.98147409467 -1.11510574453 0.774511138244 -0.189261198271 -0.184144039648 0.42523594522 0.608221844716 0.411733208236 -0.183733184591 -0.513471411779 -0.734407563271 0.21640342621 0.387762676282 -0.0909263741385 0.0248875052673 0.19188735257
93 1210 0 0.0 nan 0.424567724145 0.597981181536 0.462742961868 0.610994624909 -1.53648843942 0.0978033806555 -0.0987558221978 0.123082263563 0.950579335603 -1.10528157769 0.787385621999 -0.201151069677 -0.163278034163 0.421070992083 0.607243176279 0.419347746139 -0.163845278833 -0.519511577145 -0.701769458369 0.216075071461 0.394584225724 -0.0913804363593 0.0336525349577 0.205090111745
94 1223 0 0.0 nan 0.446693207525 0.576266115351 0.461093593215 0.595746980187 -1.51421426378 0.0941652716098 -0.0963288093236 0.107775371555 0.955164093494 -1.10321386845 0.790165803863 -0.201384234777 -0.1754627285 0.402238768801 0.618953430779 0.449757945647 -0.135185435272 -0.512769929312 -0.713023930215 0.209659009307 0.385960428592 -0.0886202882408 0.0122724188394 0.182488395214
95 1236 0 0.0 nan 0.443804084717 0.594141647331 0.458291196343 0.611931993694 -1.52746474264 0.0959741319831 -0.108775809856 0.11928256268 0.988925029785 -1.09014742752 0.765799936809 -0.220805867501 -0.174289761544 0.433467411326 0.601430358577 0.413125472417 -0.170713471472 -0.522039169444 -0.703477217372 0.209527314895 0.372099770765 -0.0909105146913 0.0516887177447 0.142755081106
96 1249 0 0.0 nan 0.448330907522 0.58578759248 0.453845036702 0.58460586714 -1.55022164241 0.0757264791494 -0.111853001965 0.122052995804 0.969629405207 -1.10740688463 0.751858853919 -0.217681559841 -0.205928556604 0.418142294506 0.606864469752 0.408149630829 -0.190606266696 -0.549826829593 -0.700351692984 0.183867409285 0.371534003542 -0.0740353913127 0.0378031884952 0.157036798961
97 1262 0 0.0 nan 0.44691505419 0.581373097992 0.46211604869 0.598127713868 -1.50160739959 0.0790755402942 -0.100043758025 0.126644594849 0.950301380816 -1.09556371184 0.756542258086 -0.260096414675 -0.191356824317 0.405466807529 0.614764549025 0.413750674643 -0.187722248587 -0.565464987516 -0.694847730496 0.188857443465 0.354245034685 -0.0703640413191 0.0101773165686 0.142945513563
98 1275 0 0.0 nan 0.454694232282 0.578638607535 0.451788308567 0.608650851852 -1.5174085867 0.0842305437098 -0.109481005152 0.132230466107 0.942397525901 -1.11301372273 0.750772375864 -0.234951176188 -0.212523163342 0.432485020861 0.614862980963 0.449768663143 -0.195936068793 -0.523692567796 -0.72267297744 0.159868773071 0.379807503315 -0.0753199841561 -0.0173905162391 0.14041431388
99 1288 0 0.0 nan 0.453707319521 0.564641560262 0.434835373914 0.600673583289 -1.54512160058 0.098774296359 -0.139087245208 0.143232817727 0.965702970603 -1.10035467921 0.757565991138 -0.260839049972 -0.225376100455 0.430821685209 0.637382931902 0.458067569983 -0.171443515313 -0.516105331844 -0.724403704771 0.157007468552 0.382290734351 -0.0674210957927 -0.0251624333206 0.132723707899
100 1301 0 0.0 nan 0.466282608618 0.583549181227 0.42797352109 0.633942403108 -1.54632500449 0.0626939124361 -0.138784064393 0.138187293249 0.9534239597 -1.08324995972 0.746450735961 -0.282056567688 -0.216360038587 0.449614387931 0.639693496038 0.481326089291 -0.193244857426 -0.499517153117 -0.718625592564 0.156593670149 0.361684137636 -0.0855176636667 -0.045348007649 0.12647246148
101 1314 0 0.0 nan 0.457306144807 0.575352782312 0.447232931821 0.597917781072 -1.53194044015 0.0683141022964 -0.13203547612 0.137764833985 0.947356859122 -1.12304508561 0.761628155924 -0.257327588718 -0.197477486995 0.421260385583 0.621610590521 0.502508621355 -0.183179736621 -0.507774584212 -0.70025299619 0.158939271956 0.340416511128 -0.0689261766787 -0.042048729131 0.112586127595
102 1327 0 0.0 nan 0.458669605481 0.557810240179 0.464092079325 0.579020941727 -1.53220877204 0.0982498782952 -0.107941216241 0.175377170174 0.954737873658 -1.13944247216 0.757841616373 -0.266109679507 -0.191523085204 0.404161094359 0.593933548246 0.488791552714 -0.172674926534 -0.529061796331 -0.706107347548 0.16950089041 0.360189406451 -0.0724080872192 -0.0575744330927 0.113853028515
103 1340 0 0.0 nan 0.463277483279 0.540954337845 0.462831703174 0.572175477495 -1.51641293576 0.113951007332 -0.09271040034 0.1887796213 0.949101997737 -1.14671102509 0.74060777276 -0.284677599003 -0.22000457842 0.408332671403 0.564673109593 0.461527218 -0.193411746385 -0.54362941246 -0.718821798242 0.132961795359 0.37209081016 -0.0615485811077 -0.020781791899 0.11288515603
104 1353 0 0.0 nan 0.480314731439 0.561099760503 0.48791103081 0.575282670993 -1.51652966158 0.117774842218 -0.0808992617249 0.170734936325 0.928436297456 -1.14704604582 0.750194010792 -0.279501547215 -0.219039954928 0.404483627949 0.576983247204 0.463660357539 -0.225774066019 -0.562432296076 -0.722354831431 0.162707101245 0.356188887012 -0.0511935802791 -0.00101966480556 0.108137424374
105 1366 0 0.0 nan 0.477136794254 0.541871268366 0.474369490384 0.560722464852 -1.53942467005 0.112224808368 -0.0623332055731 0.160917998031 0.926473348324 -1.15569140308 0.725759809455 -0.286699311644 -0.202324464695 0.403280571067 0.58407628457 0.464082070144 -0.256242678443 -0.611478220862 -0.725119692302 0.14663959396 0.344939610801 -0.0627744917829 0.00457603106733 0.103705718763
106 1379 0 0.0 nan 0.484496685092 0.547019066269 0.472965116278 0.583716840265 -1.50142823324 0.113422952222 -0.0670451168591 0.151342241969 0.950681982474 -1.15171360939 0.706426676957 -0.287539730634 -0.194393750319 0.414615268986 0.595771993574 0.446062224038 -0.253547158838 -0.606036001508 -0.696474109156 0.144111656209 0.314219066484 -0.0673674391751 -0.0146517994051 0.105446708105
107 1392 0 0.0 nan 0.47904883045 0.552455500769 0.459485538022 0.584977636649 -1.51051314549 0.114485317715 -0.0497254486638 0.135376247944 0.942167964405 -1.16528478138 0.726933640899 -0.269058230178 -0.206820063201 0.413899312723 0.582949466955 0.424796286264 -0.272170382635 -0.571137045761 -0.711889183335 0.12644457121 0.341201272524 -0.0358145053216 -0.0110029031299 0.100347443055
108 1405 0 0.0 nan 0.4748563342 0.562081445494 0.43896776335 0.599276693445 -1.49702864013 0.105969913296 -0.0573483491508 0.14724926714 0.930912871287 -1.18643598127 0.736730435111 -0.266471904377 -0.215530636277 0.408529282861 0.577839911262 0.428711737155 -0.272354088136 -0.59657078044 -0.699078137196 0.135465157397 0.338854528693 -0.0200068991197 -0.0115308907595 0.0877454648543
109 1418 0 0.0 nan 0.471605288875 0.555169581098 0.427870013628 0.616554478585 -1.49583476621 0.108670254207 -0.0502600352945 0.130117248345 0.915775519926 -1.18623105072 0.744143093178 -0.270313422813 -0.208580122228 0.413134322445 0.583055819653 0.425418175308 -0.261037063796 -0.585253619711 -0.709109104511 0.127412186618 0.364748004169 -0.00150802518371 -0.000147468993582 0.0935103651775
110 1431 0 0.0 nan 0.470420598308 0.573328905405 0.428862365033 0.623393742182 -1.47597209981 0.115928825977 -0.0326146221377 0.138755811002 0.918446077054 -1.1996520773 0.750962775336 -0.29794955645 -0.19613137492 0.406280252709 0.567059618788 0.414472660417 -0.236011326919 -0.601193102448 -0.717375775323 0.136414941483 0.363925659888 -0.00479428945357 -0.00367969421878 0.117518590278
111 1444 0 0.0 nan 0.454400233113 0.572987191811 0.410954970698 0.607401135859 -1.46201391445 0.0927430391358 -0.0217577102673 0.132120615846 0.90819880499 -1.18718309038 0.744724024662 -0.291691137339 -0.188508231561 0.394975876405 0.574071729417 0.428017477017 -0.207701461216 -0.627071789199 -0.717091767426 0.134508519706 0.376368867589 -0.00621670847557 -0.00373908185279 0.11198450134
112 1457 0 0.0 nan 0.430948499138 0.554115411916 0.386992887262 0.606138998859 -1.44294294284 0.0990659560358 -0.0396924188734 0.117847078411 0.914281162964 -1.18328861744 0.764831902756 -0.311490562753 -0.161624794744 0.412542443884 0.573573078088 0.433264357977 -0.199554161178 -0.621169778526 -0.719253980334 0.12928906415 0.400324821984 -0.017883385705 -0.0112120103162 0.0953263671219
113 1470 0 0.0 nan 0.427315025579 0.563051226638 0.386737188623 0.603962771307 -1.4461953128 0.0957343132814 -0.0347108742716 0.107719061243 0.897984915265 -1.20861928842 0.760138180477 -0.309119763394 -0.167116857138 0.406965064137 0.564770058342 0.441537494516 -0.192524594255 -0.632951385718 -0.722743005785 0.107516410251 0.420326019868 -0.00763303746549 -0.0263405766686 0.0825081550127
114 1483 0 0.0 nan 0.437804241485 0.556286210685 0.378409828159 0.60819796558 -1.45423856992 0.0916070824901 -0.0454931339272 0.12800204436 0.88960700055 -1.1874741617 0.754904982568 -0.305772676389 -0.180906564839 0.386833010843 0.573831545343 0.474471724785 -0.184255772773 -0.617215993464 -0.732254512731 0.100328237042 0.436380109278 -0.0223089614898 -0.0454939356151 0.0652887261405
115 1496 0 0.0 nan 0.434658903947 0.541201285861 0.367213257664 0.600980552343 -1.43367482875 0.0818379022777 -0.0582736377521 0.122663619959 0.892786958274 -1.19557828754 0.760891732678 -0.310273130491 -0.174285912693 0.380826736139 0.570917746051 0.469974658142 -0.19347823393 -0.611416604466 -0.758121138649 0.11890212357 0.449651652151 -0.0283067499437 -0.0486896051555 0.0866552251336
116 1509 0 0.0 nan 0.432769853659 0.534398080286 0.367675002476 0.604522126815 -1.47201691553 0.0731481148323 -0.0658858176832 0.148189553701 0.892764631754 -1.18875034331 0.766042196104 -0.307332828398 -0.187516119797 0.406955621837 0.574134890307 0.465934600734 -0.180619110647 -0.630802383765 -0.765027597119 0.128995091495 0.461476778495 -0.029057068912 -0.0430893743805 0.0929036349268
117 1522 0 0.0 nan 0.455961696853 0.54091322257 0.373117155497 0.613479161689 -1.44066491771 0.0723981185889 -0.0780805807131 0.154923281056 0.897489278444 -1.17828006455 0.744792406157 -0.341898681552 -0.182116871043 0.397996222056 0.570659113914 0.457680922643 -0.21336280368 -0.619581030659 -0.772516608533 0.11226940345 0.470643109466 -0.0333182344646 -0.0332994841636 0.103735808562
118 1535 0 0.0 nan 0.453214411835 0.527638686604 0.367200072025 0.605981782613 -1.44421266487 0.0455210675128 -0.0962431048922 0.121376207015 0.898320500688 -1.19693341013 0.755654601183 -0.339543681689 -0.188706783331 0.396697143104 0.582401628292 0.43953715135 -0.205372947183 -0.621460679047 -0.768791620568 0.0948013657735 0.444085922102 -0.0479835560136 -0.0397314524319 0.111698294571
119 1548 0 0.0 nan 0.454366973894 0.521380759996 0.367016799268 0.60068183187 -1.45019283133 0.0479057456356 -0.0863062369745 0.111223349251 0.904939304515 -1.1993604287 0.738939663806 -0.350293835908 -0.19106656791 0.393418526315 0.592878333191 0.4464626141 -0.190854834415 -0.610375023452 -0.756025210154 0.0878164817533 0.423570866659 -0.0585879127017 -0.0495618904182 0.0942858242911
120 1561 0 0.0 nan 0.453133835607 0.532177617771 0.389092057758 0.609505767593 -1.45613787241 0.036633424265 -0.0957627232079 0.109061218844 0.904877166369 -1.1858356147 0.740973844752 -0.350506109498 -0.181278758216 0.384855874932 0.587256171072 0.448110793927 -0.172677006237 -0.602229775346 -0.765057136292 0.0766066560942 0.444238048056 -0.0578419297623 -0.045149333574 0.116916721398
121 1574 0 0.0 nan 0.444466426321 0.509249717847 0.381841102161 0.576408356242 -1.47912630147 0.0279008015969 -0.0900563036815 0.096442903738 0.93137611295 -1.18281690393 0.720288703337 -0.350755402891 -0.191806146317 0.381510223708 0.594271702598 0.433142173639 -0.17423262348 -0.591657523627 -0.751406515763 0.0648225765851 0.429269566077 -0.046890771418 -0.0438705467405 0.114844031879
122 1587 0 0.0 nan 0.442433607526 0.505557921291 0.373172289452 0.578899586416 -1.48150990561 0.0555375901363 -0.0987224018454 0.0980375010947 0.94309691179 -1.17830714524 0.71554434766 -0.347124846959 -0.186046150734 0.379351168482 0.590809447101 0.441687690969 -0.178466515911 -0.603411415817 -0.770602400447 0.0777286937203 0.421386793779 -0.0680422249046 -0.0289161783895 0.113909273532
123 1600 0 0.0 nan 0.447647045021 0.513322685286 0.375906620764 0.588294290783 -1.49012548343 0.0481774500916 -0.0907176127112 0.0947869316954 0.962502903122 -1.19940457672 0.723555019658 -0.367929115226 -0.175175729741 0.377675042393 0.609700243788 0.442114751182 -0.184048459215 -0.61798082186 -0.784343490442 0.083162364446 0.434945046297 -0.0658843748089 -0.0397015096178 0.119589863526
124 1613 0 0.0 nan 0.45099207704 0.515418152724 0.400367553727 0.587531566267 -1.4975366993 0.0577452883441 -0.100541184269 0.107164973278 0.954051740049 -1.20367724941 0.724291949374 -0.377509310621 -0.179828541148 0.393427388531 0.590487780495 0.446697496347 -0.182203707362 -0.63251689607 -0.784872710495 0.0927689354319 0.424093121772 -0.0792811927117 -0.0391979332187 0.142856675385
125 1626 0 0.0 nan 0.448435252831 0.508585523074 0.397526062667 0.574898250947 -1.49410468914 0.0578308601986 -0.0786064135413 0.103085512419 0.948145578841 -1.18802492388 0.704386634778 -0.37388020909 -0.178184331696 0.394418457592 0.575283030798 0.444397725928 -0.194725924317 -0.621652973048 -0.793535740235 0.105075348773 0.413665711847 -0.0754469133065 -0.0334744516031 0.146935937715
126 1639 0 0.0 nan 0.434431296304 0.485755400533 0.370891774811 0.56306006152 -1.48988836832 0.065559702321 -0.0832285114923 0.114089038099 0.945312189475 -1.18572262674 0.710466667528 -0.375103620804 -0.186361608959 0.392600699987 0.583153189237 0.429058814138 -0.191763141625 -0.610881341628 -0.767935607095 0.0844578643782 0.41804070668 -0.0667161310961 -0.0168267521382 0.137160796897
127 1652 0 0.0 nan 0.429731134927 0.487944515413 0.374554711462 0.560273092919 -1.48555673308 0.0698053561673 -0.0883528490041 0.10964631205 0.964496921386 -1.18582689036 0.704328025116 -0.372446200576 -0.195227768342 0.40158884539 0.552881672695 0.408241721517 -0.21549947172 -0.619032622994 -0.777612976878 0.0860846981003 0.419494499292 -0.0747531335121 -0.0215358844489 0.135633131358
128 1665 0 0.0 nan 0.420804160974 0.492122387079 0.370171215934 0.555641889042 -1.47807129123 0.069958893608 -0.08966123969 0.100511315582 0.959135348979 -1.16992313967 0.705349411792 -0.375886648285 -0.182848631062 0.397170611773 0.54612088639 0.403458623471 -0.220249486281 -0.607201464039 -0.760804629479 0.100864505501 0.414441872808 -0.0767398937671 -0.0188855427656 0.138563548772
129 1678 0 0.0 nan 0.432203922126 0.500949244466 0.379301774637 0.557884833583 -1.47981350564 0.0496698561642 -0.0758179071608 0.0983016529493 0.944721112665 -1.17467907906 0.709390047759 -0.367080228206 -0.168716040163 0.402974998141 0.546974297869 0.401447110136 -0.235741172829 -0.594096279317 -0.779930032308 0.117509770083 0.413261476416 -0.0858470097684 -0.0246133551885 0.144687962295
130 1691 0 0.0 nan 0.424994485493 0.504298858211 0.371331580695 0.557772711871 -1.47401566099 0.0599094474075 -0.076033840436 0.0987136243323 0.941376732486 -1.15265176641 0.701594597965 -0.362674987518 -0.16982226081 0.409737530474 0.544835682577 0.402661953871 -0.250228725428 -0.586881866589 -0.762462876411 0.126587469706 0.399842966412 -0.0848963403547 -0.0251198313632 0.140739890586
131 1704 0 0.0 nan 0.414955001295 0.509808587665 0.37760555119 0.556696366249 -1.47495392944 0.0543461150582 -0.0968620860849 0.102789801097 0.939261930682 -1.15370742723 0.697782671085 -0.365724858552 -0.163022747344 0.416351811309 0.546790071442 0.410737523622 -0.221727560373 -0.60166827448 -0.734579816515 0.124909059197 0.400666318565 -0.0733603517061 -0.025302745477 0.138528635639
132 1717 0 0.0 nan 0.430865902676 0.512696453996 0.394443990472 0.562964011295 -1.48007257476 0.0568398347544 -0.0806354289455 0.0951425033057 0.939312864554 -1.15289237577 0.699895334231 -0.359215777044 -0.171622037892 0.408730931793 0.542884754128 0.42950191003 -0.227383353933 -0.608902706003 -0.742653884489 0.127880187082 0.393089115382 -0.0763428062226 -0.0298636503632 0.133480713337
133 1730 0 0.0 nan 0.434652642002 0.500944786346 0.385346155875 0.570982054311 -1.47916796609 0.0617804854323 -0.0784816339597 0.0834971346395 0.925321883246 -1.14422706436 0.711068339812 -0.367906482356 -0.172741874384 0.415396122796 0.553757983698 0.428567226006 -0.212844683783 -0.599642892339 -0.743688833246 0.1107346667 0.393952226254 -0.0697390032634 -0.0448550586489 0.117872226735
134 1743 0 0.0 nan 0.432793639635 0.504409044578 0.380443819327 0.575691194884 -1.48064037843 0.0519734586992 -0.0812793999193 0.0781726844672 0.914513170306 -1.15436010284 0.709439552256 -0.358368257975 -0.173612411908 0.416637027587 0.556125686613 0.442223422859 -0.221443480586 -0.58930968302 -0.744909577458 0.103494262403 0.405678463199 -0.0730853669298 -0.0510838739296 0.123176534338
135 1756 0 0.0 nan 0.436471201811 0.506126692904 0.384565892373 0.576262631153 -1.47707638753 0.0682180080643 -0.0765185328497 0.0833708864562 0.912213076211 -1.1699922135 0.712958447097 -0.351564116597 -0.161160042373 0.412554186643 0.558659844426 0.456783276008 -0.219794788968 -0.590924921225 -0.758030320509 0.115061302343 0.409015015471 -0.068604382015 -0.0560510842118 0.123255646756
136 1769 0 0.0 nan 0.439746684328 0.504106429346 0.378170601141 0.577285888799 -1.46949814416 0.0753562408516 -0.0784636703801 0.0841947176496 0.902697050934 -1.16711515727 0.709289799541 -0.358922822333 -0.16217865801 0.409715001111 0.552326231321 0.470609483637 -0.210005964472 -0.580106619658 -0.751177296513 0.106366455158 0.409493783735 -0.0711097877921 -0.0561465877957 0.116966478363
137 1782 0 0.0 nan 0.437522274444 0.495531384995 0.377283299941 0.574739237955 -1.46453157025 0.0736238453945 -0.0810170719614 0.0811573066102 0.908204828523 -1.18308865568 0.706849432569 -0.35778915794 -0.154102323979 0.409675645981 0.553927999647 0.474040181942 -0.221813752514 -0.581431568974 -0.748701447612 0.097588523008 0.413425114706 -0.0710527566148 -0.0558547859562 0.112183557824
138 1795 0 0.0 nan 0.436013337601 0.506163800536 0.382375311508 0.575724380793 -1.47251656674 0.0693799224179 -0.0905560081739 0.0821294592769 0.930054188242 -1.18464014805 0.720812533993 -0.342337083906 -0.13962946167 0.406641593704 0.562897209628 0.469174470013 -0.209368687606 -0.594962060873 -0.747259059094 0.0995558384231 0.410695991477 -0.0576113770402 -0.0471693587885 0.125664817866
139 1808 0 0.0 nan 0.443930786328 0.525017288376 0.380136743955 0.585945208799 -1.48229853812 0.0557723655336 -0.0976279534974 0.0772083488123 0.929243789704 -1.17161777433 0.719224457916 -0.345878664128 -0.135645283871 0.40677372035 0.554035429218 0.473703971455 -0.207002326204 -0.594560979246 -0.749599530526 0.0964373465084 0.405504113475 -0.0696776083524 -0.0385325562819 0.12125310049
140 1821 0 0.0 nan 0.436577777981 0.525736930663 0.37806361742 0.5829603539 -1.48129787438 0.0547055134537 -0.0991246616898 0.0806868819878 0.931241584715 -1.17702202586 0.710838742514 -0.347264265673 -0.14240867203 0.416860633283 0.55429227404 0.473891381954 -0.200841528724 -0.598276896954 -0.758997683703 0.104490109859 0.398965653309 -0.0761390032852 -0.0456091060092 0.127540865621
141 1834 0 0.0 nan 0.43123645599 0.524321659009 0.384920854884 0.568837974356 -1.48526991019 0.0486281854907 -0.103218670373 0.0778981896421 0.939111651951 -1.1827288838 0.715373644847 -0.345929639896 -0.140355833206 0.415994945742 0.560732160956 0.479829661026 -0.204023864636 -0.601340236495 -0.77049003515 0.099676572852 0.379417599402 -0.0646153340139 -0.0468398150536 0.123551825296
142 1847 0 0.0 nan 0.419147235548 0.515050218198 0.37180977709 0.560980244466 -1.49277465026 0.059724791022 -0.109561952579 0.0713639398475 0.951340028991 -1.17959711883 0.715636645594 -0.346917611464 -0.144068838859 0.421947501314 0.554102070508 0.479516898553 -0.211848458011 -0.596494891979 -0.764380023614 0.102136151151 0.371597291962 -0.0693098559134 -0.0420336196875 0.122109508117
143 1860 0 0.0 nan 0.425301101009 0.511354676032 0.384941403791 0.559123930353 -1.48997603514 0.0644389700862 -0.113340408694 0.0748267580453 0.945894950204 -1.18973606728 0.708533911436 -0.355472258112 -0.144201568037 0.418629609697 0.550926387709 0.478804006744 -0.216044478033 -0.591759406829 -0.764049262975 0.0980821995403 0.360728001923 -0.0673522751332 -0.0434007852593 0.122078665524
144 1873 0 0.0 nan 0.414055311646 0.499424513579 0.377964517217 0.548049539268 -1.49911231032 0.082635956292 -0.105582305584 0.0811623152529 0.943033756723 -1.18947681987 0.717900166199 -0.357787442973 -0.140805798148 0.419597764314 0.555040687643 0.469269466889 -0.214975815608 -0.590714785062 -0.763152127374 0.0894432644214 0.356703603064 -0.069115627822 -0.0281961906149 0.10847843698
145 1886 0 0.0 nan 0.415348935943 0.497061947287 0.38123198223 0.54409894455 -1.48835564565 0.0917546447603 -0.101836144258 0.0750651619735 0.940999935567 -1.1871699161 0.716769255604 -0.353486855322 -0.142011840118 0.416877756403 0.560192541616 0.465247312737 -0.222577373802 -0.589246221412 -0.762234255158 0.090962506188 0.367973247332 -0.0648332378807 -0.0182792501782 0.116558009354
146 1899 0 0.0 nan 0.40956693772 0.490071180845 0.373217355646 0.535316012012 -1.49906656931 0.090164972527 -0.0947944331767 0.0662735765782 0.946770191049 -1.1909921433 0.71081455128 -0.342491144039 -0.142902209832 0.41802351517 0.568112214622 0.466112068047 -0.216076016113 -0.595163027516 -0.763402059303 0.0958973975668 0.371894730483 -0.0629649017284 -0.0146551962971 0.123109359564
147 1912 0 0.0 nan 0.401265274442 0.479651667626 0.364132508594 0.526544949898 -1.49612961905 0.0980976160502 -0.0913738023245 0.0577701876948 0.951643192506 -1.18750277291 0.699419166823 -0.351661793122 -0.144549390082 0.422884093805 0.56729765865 0.46702274754 -0.201563459075 -0.599507289642 -0.760845126023 0.0914319025802 0.356940987423 -0.0595926886035 -0.0145519257243 0.111743254949
148 1925 0 0.0 nan 0.397144199818 0.477096845934 0.358389587542 0.52459859037 -1.49591807616 0.103493696271 -0.0818774559035 0.0455556765703 0.951068712758 -1.1850370583 0.698603003177 -0.340642332942 -0.145811597933 0.41247560146 0.564416983415 0.4644087809 -0.209779454045 -0.596061493676 -0.769054785689 0.0963671556536 0.357276245146 -0.0551658520552 -0.0242232381959 0.115937547005
149 1938 0 0.0 nan 0.399502879912 0.477443580023 0.365855407341 0.516114237097 -1.4871176321 0.101568030095 -0.0752272320751 0.0484739116471 0.954726839829 -1.17412350227 0.704735701374 -0.328877584739 -0.142280401674 0.393863147008 0.573266991553 0.471891399868 -0.206027374182 -0.604034926092 -0.768463581756 0.0995594170563 0.363763158694 -0.0556211572614 -0.0273205449538 0.119207065746
150 1951 0 0.0 nan 0.404496523802 0.496302060301 0.38246522644 0.523775105993 -1.48138978313 0.0849421984968 -0.0933413176594 0.0385354731133 0.954899869458 -1.17638056417 0.702227969727 -0.330423769691 -0.131565523493 0.391405202272 0.578816717985 0.475364822264 -0.206631786593 -0.602667919354 -0.761891506029 0.101557805611 0.361363375789 -0.0545706849123 -0.0328282547824 0.127429112253
151 1964 0 0.0 nan 0.395469369375 0.495312173006 0.383393318052 0.509397603443 -1.48389100233 0.0909772774544 -0.0823538804748 0.0369376847848 0.951059316104 -1.17919080835 0.694338436579 -0.333561684199 -0.130230212312 0.395256511247 0.573798825955 0.46862270056 -0.212101142464 -0.606738805312 -0.773605597108 0.0928904923058 0.365486582996 -0.0585377963518 -0.030298771242 0.118181434491
152 1977 0 0.0 nan 0.407534845316 0.490980465436 0.388578417331 0.505313168981 -1.48489973248 0.0939764584648 -0.0808328116011 0.0532538319614 0.940242507084 -1.17307346365 0.694735193659 -0.33716719171 -0.127115200054 0.391176130035 0.566173319085 0.450456696184 -0.225214741698 -0.614808674016 -0.780473578581 0.0916133326701 0.36065893264 -0.0547011038003 -0.0365156016555 0.124914261803
153 1990 0 0.0 nan 0.40436702832 0.490530369839 0.390499699181 0.502741445284 -1.48525634058 0.0945943503338 -0.081366983908 0.0549641600492 0.946358222124 -1.16808253495 0.690226557427 -0.325593792743 -0.133339700238 0.395743361177 0.55688919485 0.447223334407 -0.234786649172 -0.618662059047 -0.775702221378 0.0951681703502 0.359653951712 -0.0466170805736 -0.0332326068169 0.131980607196
154 2003 0 0.0 nan 0.406748175327 0.47865006698 0.383598277185 0.507991343324 -1.48348585672 0.0928539068931 -0.0890850175374 0.0594010968301 0.953441043819 -1.15422985711 0.697672670183 -0.334139068528 -0.129793469347 0.392178816731 0.561470042205 0.452302292164 -0.232942648215 -0.625210515069 -0.794775905919 0.0870970489546 0.36820665968 -0.056975533936 -0.0424278971722 0.134538728873
