%  columns="iteration, evaluation, sigma, max axis length,  min axis length, all principle axes lengths  (sorted square roots of eigenvalues of C)", seed=342690, Mon Feb 27 12:00:26 2017
0 1 0.2 1.00004791781 1.0 1.0 1.00000208334 1.00000416668 1.00000625002 1.00000833337 1.00001041672 1.00001250008 1.00001458344 1.00001666681 1.00001875018 1.00002083355 1.00002291693 1.00002500031 1.0000270837 1.00002916709 1.00003125049 1.00003333389 1.00003541729 1.0000375007 1.00003958412 1.00004166753 1.00004375096 1.00004583438 1.00004791781
1 14 0.187561927194 1.00004791781 1.0 1.0 1.00000208334 1.00000416668 1.00000625002 1.00000833337 1.00001041672 1.00001250008 1.00001458344 1.00001666681 1.00001875018 1.00002083355 1.00002291693 1.00002500031 1.0000270837 1.00002916709 1.00003125049 1.00003333389 1.00003541729 1.0000375007 1.00003958412 1.00004166753 1.00004375096 1.00004583438 1.00004791781
2 27 0.180721801779 1.04834777021 0.965106726567 0.965106726567 0.96979590775 0.972554784653 0.987669665795 0.988779638877 0.995413361964 1.00027921663 1.00028169939 1.00028482227 1.00028562227 1.00028863799 1.00029411796 1.0002961255 1.00029800598 1.00030185761 1.00030793086 1.00030969277 1.00031282888 1.00134036151 1.00266847395 1.00603968399 1.01268411336 1.01498894471 1.04834777021
3 40 0.17273942988 1.05789353429 0.949475693135 0.949475693135 0.961554807643 0.965315810717 0.974452567824 0.978836359388 0.982716287778 0.989969958529 0.991212425712 0.995263457366 0.995825692375 0.999335038513 0.999903806841 1.00064941257 1.00110528272 1.0011782176 1.00202196599 1.0026536804 1.00480599419 1.00509935933 1.00832687157 1.0137084936 1.02663030489 1.03277202152 1.05789353429
4 53 0.166900162603 1.05915923546 0.928758118999 0.928758118999 0.960372639933 0.963242737435 0.971260161817 0.972501887808 0.97601834734 0.982427887643 0.982896482951 0.989872482421 0.992617870389 0.996870812623 0.997011972226 0.998213567086 1.00092028688 1.00179375622 1.00343611919 1.00385753388 1.00729999248 1.00833074469 1.01098065294 1.02247530791 1.02558253191 1.03596877513 1.05915923546
5 66 0.165290667468 1.06192999768 0.929211476414 0.929211476414 0.948796088449 0.954428616117 0.960665978326 0.965788765055 0.972977694193 0.977245918559 0.98151431221 0.984163090417 0.987880732612 0.990721894379 0.994993556431 0.995994698471 0.998525921109 1.00164699066 1.0032605879 1.00477721122 1.00951380053 1.01201893275 1.01665813577 1.02061504271 1.02832449066 1.04745118253 1.06192999768
6 79 0.163330097686 1.08030684643 0.925497985614 0.925497985614 0.943343389277 0.946633860518 0.956017954872 0.962219095091 0.966553010271 0.97219372017 0.975752985807 0.979421818679 0.98574900527 0.98923948411 0.991004770997 0.994801485361 0.996661763571 1.00030870389 1.00191510346 1.00777364381 1.009858636 1.01353260316 1.01686884637 1.02097199219 1.03538448964 1.05367679699 1.08030684643
7 92 0.163159525038 1.093159657 0.921423333702 0.921423333702 0.928927040771 0.936652362851 0.957525889371 0.958376298783 0.962255414926 0.965416821301 0.975714570812 0.976993988301 0.982424847453 0.986925141101 0.989207994873 0.993031961461 0.998223495506 0.999841306706 1.00586668988 1.0072106161 1.01314023926 1.01413310769 1.01597267001 1.02343958857 1.04062133648 1.06007227749 1.093159657
8 105 0.160481066799 1.11550465853 0.918409729008 0.918409729008 0.925516739209 0.928275908773 0.943896922762 0.957266401636 0.9588981268 0.962394923318 0.96665816743 0.973495536841 0.977918872404 0.980718005579 0.987763644411 0.989397217395 0.992341569676 1.00216526602 1.00406936646 1.01165861384 1.01347382307 1.01675866409 1.02364269059 1.02924234811 1.04342178078 1.06214946211 1.11550465853
9 118 0.158978101966 1.129287912 0.908650745971 0.908650745971 0.922251990469 0.93157822322 0.938090819027 0.947250941895 0.952448798478 0.962218073631 0.967153802912 0.972367016874 0.975113448426 0.981352118325 0.984850474976 0.992591281216 0.994235101803 0.996183820003 1.00104165827 1.01388661301 1.01843755748 1.02228183852 1.02610290931 1.03622280291 1.04140399091 1.06451980035 1.129287912
10 131 0.160377643837 1.14578100494 0.898823264226 0.898823264226 0.916123376142 0.929981712768 0.934112474024 0.93821239267 0.952745017682 0.954575495282 0.965199990628 0.970410741914 0.97182608634 0.980256273429 0.984016446453 0.985099652367 0.990081321794 0.997394938297 1.00399099724 1.01296253524 1.01970151278 1.02140260997 1.03032056705 1.0377477895 1.04372425436 1.06662601262 1.14578100494
11 144 0.160810295678 1.15792053109 0.898402196445 0.898402196445 0.91056405193 0.919356875982 0.930040677492 0.936630408599 0.943826998436 0.949428474264 0.962733730193 0.966825276923 0.971020104473 0.979366617165 0.983563096766 0.984433389119 0.989241823918 0.998950904459 1.00988076816 1.01195973751 1.01445182313 1.02226085982 1.03016702664 1.03986603204 1.05415459202 1.06720181217 1.15792053109
12 157 0.160658772507 1.18727689827 0.891998718316 0.891998718316 0.906324189329 0.910099291533 0.929048223811 0.935502699149 0.938739167512 0.947041438596 0.955459805457 0.966155972674 0.97011354173 0.975206646858 0.981944072782 0.982801105081 0.995797724478 1.00127726992 1.00594433731 1.01089243533 1.01857415259 1.02175303315 1.030368368 1.04320819662 1.05729589198 1.0616344662 1.18727689827
13 170 0.159600410493 1.20529488013 0.888718626701 0.888718626701 0.899911268739 0.907283152725 0.921720978797 0.930001251584 0.938467058283 0.941778598656 0.952916644969 0.963815768631 0.965624815002 0.977099733141 0.980449149015 0.984061748325 0.993449886803 1.00095206457 1.00500601767 1.00951556789 1.01632218084 1.02304720573 1.03102407754 1.04572203565 1.05569881451 1.06719205792 1.20529488013
14 183 0.154597273478 1.21201533746 0.885424219866 0.885424219866 0.899218996645 0.905914952892 0.92122526312 0.926554232291 0.931199878816 0.936680823968 0.945565569847 0.960396432165 0.964032856841 0.981155064049 0.983083096089 0.986957386073 0.992514195893 0.996554602564 1.0072418471 1.01269184581 1.02286529081 1.02898336581 1.0294974423 1.04990661555 1.0589309385 1.07479945501 1.21201533746
15 196 0.151922066453 1.22361086481 0.882095383542 0.882095383542 0.888643823747 0.898196396179 0.916957192227 0.92104730699 0.925607531655 0.935272106873 0.94281664803 0.95515514939 0.9668030478 0.977696994613 0.98130907753 0.988345299706 0.996262596981 1.00212532584 1.00667907656 1.01044336137 1.02119081618 1.03010459945 1.03298560603 1.05076963761 1.05536387108 1.07975541785 1.22361086481
16 209 0.149271013353 1.23162135557 0.873058958867 0.873058958867 0.892121452925 0.895068541744 0.913004659721 0.921099285965 0.925228854872 0.93287476659 0.94468375703 0.955394098939 0.962343138593 0.970106252859 0.979496900115 0.983255689214 0.990526062407 1.00215874263 1.00613618002 1.01177150658 1.0232717853 1.02896992702 1.03518641835 1.05111283965 1.05674224941 1.07689693344 1.23162135557
17 222 0.143222630131 1.23382441547 0.860861645109 0.860861645109 0.881227177723 0.898999270239 0.906822212446 0.914388528674 0.926397118472 0.930422125441 0.943215209357 0.954097613907 0.959492476264 0.974753678007 0.980428296329 0.981493345 0.991363335613 1.0010444706 1.00975422138 1.01138081702 1.02168159958 1.03590946626 1.0379822529 1.05011763796 1.06662486694 1.08144916043 1.23382441547
18 235 0.138015362315 1.23486026144 0.84983169173 0.84983169173 0.877675753644 0.892163630738 0.90155134826 0.912221826043 0.9244030627 0.92932652737 0.937930403716 0.955642251683 0.957746357201 0.972412049712 0.977973660746 0.986261960758 0.987160386402 0.99532857914 1.01002945264 1.01177063045 1.02197012812 1.02856930936 1.04329982903 1.05077580665 1.07048569173 1.09137611928 1.23486026144
19 248 0.131751656324 1.2322501126 0.840586629335 0.840586629335 0.874210714391 0.891149400847 0.902892002699 0.913466042908 0.92425012366 0.925302679051 0.945021182337 0.956117262113 0.957136523603 0.964992219933 0.978784096701 0.984323360149 0.988579435187 0.995953743467 1.00433043751 1.00832628531 1.02400693259 1.02997995836 1.03787055212 1.06228371051 1.0693216466 1.09553522538 1.2322501126
20 261 0.127828699419 1.22959488603 0.829195149322 0.829195149322 0.870343982073 0.891268780093 0.900830404969 0.909484180852 0.92423206549 0.925424172797 0.943294866144 0.954600541273 0.958910987825 0.961834959114 0.969302260424 0.984904164765 0.989453128492 0.996753546497 0.999588913909 1.00983347653 1.02231058137 1.03127979618 1.04452722164 1.06356339358 1.07276434197 1.09486766057 1.22959488603
21 274 0.120912427736 1.2247612893 0.829372149212 0.829372149212 0.871217515646 0.881811043654 0.898260304922 0.905743643688 0.921840156032 0.927869192768 0.938790400462 0.940526709603 0.954579226474 0.965170964204 0.976056306058 0.985551554599 0.987210637518 0.99660665139 1.00638342093 1.00788247553 1.01788690477 1.03227836859 1.04988870297 1.06135945177 1.07001614921 1.0970321573 1.2247612893
22 287 0.118887131599 1.22334161674 0.826051730007 0.826051730007 0.863432014426 0.884545612338 0.889785066351 0.896731429217 0.913713242641 0.923310431936 0.9365700984 0.942562001696 0.950817915155 0.961875174782 0.973617331596 0.98612089419 0.989119393862 0.997612917267 1.00491383941 1.01173953976 1.02202202218 1.03626766106 1.04808265976 1.06336465923 1.07125922684 1.10144864554 1.22334161674
23 300 0.115913956154 1.22120680897 0.821948122569 0.821948122569 0.862779391352 0.880689818056 0.883468187818 0.890451078545 0.906588726639 0.918395327158 0.930205961511 0.943125064508 0.957578822338 0.961524428954 0.968729820592 0.985678477341 0.989794190972 0.999964357751 1.00219782848 1.01058138317 1.03352449758 1.04250673178 1.04827818247 1.06381722911 1.06955735852 1.10692854618 1.22120680897
24 313 0.11695812052 1.22610599885 0.822785783507 0.822785783507 0.852823508795 0.879812545517 0.882395097693 0.888105653137 0.898917598513 0.916453100905 0.929702649619 0.942147869808 0.944609281873 0.95811217379 0.965944092407 0.984099053247 0.989550893202 0.995738241719 1.00615390596 1.0123673619 1.02927854693 1.04547543077 1.05145277927 1.06883781397 1.073708225 1.11111903959 1.22610599885
25 326 0.115683679971 1.23080784601 0.820416996543 0.820416996543 0.847183765862 0.872701133769 0.878705971325 0.891787323321 0.895632917499 0.916195339542 0.920002140154 0.941334109875 0.948145790962 0.956759214301 0.964756102465 0.976642208425 0.982589314747 0.998850317311 1.00645653802 1.01751109291 1.03597750087 1.0397575356 1.06213124227 1.07289050541 1.09647816769 1.11209120542 1.23080784601
26 339 0.113565559727 1.23447556979 0.818560599657 0.818560599657 0.851013699024 0.865569371111 0.879857930327 0.884505693135 0.892993898367 0.907325533509 0.916053990893 0.937353151175 0.945880987056 0.958196710855 0.963855978097 0.97151001625 0.978533383148 1.00149998409 1.00223696312 1.02317330794 1.03616780579 1.03975350328 1.06303345608 1.07553082632 1.09900723408 1.11002852887 1.23447556979
27 352 0.113567880309 1.22780934856 0.806073306856 0.806073306856 0.851522815886 0.863759791805 0.876050482612 0.879966562075 0.895668633723 0.907316589011 0.914908828898 0.938776709704 0.950854187874 0.951499761285 0.963774101352 0.972512819508 0.982262566404 0.997108783667 1.00377854982 1.02404778519 1.04063888387 1.04148952039 1.0564744469 1.07311332481 1.09909930399 1.12354587108 1.22780934856
28 365 0.112340987972 1.23613916526 0.801948232315 0.801948232315 0.846354422774 0.859687371189 0.872355668357 0.876657301626 0.88802653923 0.899067207758 0.922211713173 0.936758806655 0.9480750801 0.956528089354 0.962746600818 0.976322969336 0.986208279522 0.998801577333 1.00231173222 1.02240934174 1.03548365655 1.04730244151 1.05721758534 1.07182069807 1.10261677489 1.13928813033 1.23613916526
29 378 0.110689566231 1.24304190583 0.79881606167 0.79881606167 0.843373138067 0.850755404379 0.869742135035 0.883169052569 0.887289961743 0.893524356947 0.914299159723 0.93321912391 0.947632559589 0.958287661262 0.965469450348 0.975078154163 0.989834392851 0.998411312762 1.00704173081 1.02292848606 1.034915358 1.04455236059 1.05439115994 1.06539276401 1.09168617889 1.15096727557 1.24304190583
30 391 0.108062376031 1.23773167349 0.798221759484 0.798221759484 0.838598042268 0.848368431173 0.871565568601 0.879964348807 0.883224646977 0.888474201458 0.914310739691 0.924499103932 0.947945596627 0.955850363975 0.963499053323 0.974211256278 0.987475821422 0.998830376953 1.00539472713 1.02164114781 1.03465674364 1.04700796385 1.05478503371 1.06949583923 1.08779804819 1.1606339566 1.23773167349
31 404 0.110062582607 1.23255215902 0.796105531153 0.796105531153 0.819122880126 0.84752063896 0.857992084383 0.876256180089 0.88032430192 0.889077537142 0.917226053082 0.925313069631 0.946080871835 0.952288624099 0.967870710175 0.971453890906 0.988384276477 0.996994992585 1.00387406498 1.02269511368 1.04236074949 1.04967689387 1.06170039363 1.06952383959 1.09571556206 1.16528225119 1.23255215902
32 417 0.110294151574 1.22310025465 0.790618856856 0.790618856856 0.816685346043 0.848889874217 0.85722968359 0.862133137899 0.876535877348 0.889606389082 0.912453007586 0.926312642236 0.945239171664 0.95125421693 0.968398970359 0.977280037312 0.989711727134 0.998540065853 1.00162620699 1.04007245451 1.04343297289 1.05112682481 1.06654352539 1.07293107308 1.09912134159 1.17377122643 1.22310025465
33 430 0.107797165734 1.23616615746 0.784028944097 0.784028944097 0.813187132612 0.84528165411 0.853902715754 0.857573457575 0.873765808206 0.888227678514 0.907986480582 0.924635795862 0.942218009385 0.950831455615 0.964040138212 0.977508761012 0.989317059678 0.995787864689 1.00514108378 1.04108864449 1.04262111127 1.04973959169 1.06744350962 1.08323420848 1.09599739969 1.18068304846 1.23616615746
34 443 0.10632589717 1.23761457144 0.780418621283 0.780418621283 0.807044083483 0.843099745891 0.8542254704 0.855156619707 0.874415816104 0.883320655412 0.904208098907 0.921550510341 0.942669089765 0.949869704342 0.957547956632 0.976881589999 0.993493196511 0.998991703982 1.0047789909 1.03375922749 1.04141533465 1.0517658894 1.06713325474 1.08193160366 1.10119267747 1.18273414778 1.23761457144
35 456 0.104955085164 1.2389015329 0.772777021038 0.772777021038 0.806424837026 0.844131181845 0.851019140163 0.860704060827 0.870936763012 0.888108500259 0.900029859597 0.921161296626 0.943084199578 0.945279184916 0.959974357376 0.973064710618 0.994391062699 0.999195683532 1.00257079404 1.02725471802 1.04233617755 1.0486882219 1.06907928573 1.07867440804 1.09843843124 1.18470345679 1.2389015329
36 469 0.102693829809 1.24138705931 0.769380461293 0.769380461293 0.803697544073 0.831143683066 0.852221466893 0.859317970225 0.870416334922 0.881455793196 0.904089437555 0.919812751394 0.940068429727 0.944214547314 0.960365935235 0.978280917459 0.989917266824 0.999430513425 1.00229512683 1.02587719884 1.0402296927 1.04829679956 1.07087874769 1.0854124512 1.09817946443 1.18442265713 1.24138705931
37 482 0.0987306701008 1.24715188752 0.766326171402 0.766326171402 0.801866820794 0.833309106296 0.852175431709 0.858465545878 0.862939461852 0.878424203927 0.896337020691 0.917116793619 0.939519676402 0.943652405316 0.959653089229 0.980671739577 0.986449522179 0.990677311296 0.999125083826 1.02997570062 1.04141443093 1.05160304407 1.06947293984 1.0782539173 1.1045404449 1.18139535325 1.24715188752
38 495 0.0930647960367 1.24930723296 0.755042297063 0.755042297063 0.800435481427 0.831405597025 0.842634011479 0.855961116401 0.860421799766 0.877970593062 0.891095094877 0.91427630814 0.940062639445 0.946490211415 0.960529377436 0.980382551509 0.989956003065 0.991785369537 1.00201388665 1.03279757306 1.03931206737 1.05256772817 1.06606714762 1.0757234654 1.10332658228 1.17937372251 1.24930723296
39 508 0.0892179414203 1.24113281652 0.749443343034 0.749443343034 0.801269204251 0.830481493587 0.840910104299 0.853845581554 0.860144995018 0.8729380438 0.891128597985 0.911065077821 0.939695502549 0.948612857955 0.960564963885 0.982049492033 0.986742577358 0.99125420899 1.00297733276 1.02008209786 1.03201482444 1.05244214757 1.06772945787 1.07241335687 1.10658521636 1.18055560244 1.24113281652
40 521 0.0866415099273 1.24666770521 0.746799259433 0.746799259433 0.794736806336 0.825108719985 0.83807166768 0.848813568131 0.862052308922 0.86970538382 0.888597180803 0.911438383291 0.937632641467 0.944440842556 0.962428196773 0.975807485936 0.983361670696 0.993885408678 1.01011283362 1.01969393439 1.03248359369 1.0442885827 1.06300287038 1.07616509442 1.11229664676 1.17914318767 1.24666770521
41 534 0.0833650601964 1.24855340285 0.742859826006 0.742859826006 0.793203229747 0.82088456241 0.823564517246 0.848703392143 0.8582669261 0.868397780672 0.891693088792 0.905063889968 0.934352780873 0.944469133195 0.962767786051 0.975714277728 0.984941694359 0.993993520732 1.00793533921 1.01239393715 1.04051438521 1.04447335502 1.06822001345 1.07932612992 1.12293746118 1.18183603282 1.24855340285
42 547 0.0804878761985 1.2461080826 0.743127616974 0.743127616974 0.792152698937 0.810047442302 0.825149329134 0.845477166339 0.856138529552 0.860201985915 0.890447266522 0.901422500109 0.93495600562 0.937449856564 0.962139431876 0.969181266366 0.982251769832 0.991935116243 1.00740480818 1.00964411633 1.04426583403 1.05110640631 1.06525043331 1.0836312554 1.12358448401 1.18262975837 1.2461080826
43 560 0.0793142436567 1.25094704175 0.740154295472 0.740154295472 0.790460675596 0.807314839529 0.818447882587 0.838259321279 0.845593713462 0.858157955174 0.889711414182 0.89747484127 0.922198953644 0.938849129904 0.958452626899 0.968473479795 0.982010471809 0.994819830273 1.00959772644 1.01746696026 1.0431719367 1.05075732315 1.06510285022 1.085510976 1.12050387016 1.19322353864 1.25094704175
44 573 0.0767589519555 1.24719675179 0.741200564595 0.741200564595 0.791183654635 0.80482671197 0.815451525962 0.835752285744 0.841870876833 0.85552244183 0.887692733458 0.896677842734 0.920725454668 0.938335046163 0.961054338437 0.971268452845 0.98365867589 1.0040680325 1.0093094801 1.0193162802 1.03277294711 1.05290180054 1.06508358574 1.08569968996 1.13033389294 1.18720705831 1.24719675179
45 586 0.0742906770661 1.25480958331 0.740888851854 0.740888851854 0.783610491912 0.807580038431 0.815996856802 0.835922300626 0.839983649401 0.852784417739 0.877940659156 0.897277635008 0.918652736867 0.935428822727 0.96259278349 0.965671988836 0.979425389667 1.00072349103 1.00910035427 1.02121612601 1.03159703215 1.05092518464 1.06062305557 1.08200259305 1.13076185268 1.19157513502 1.25480958331
46 599 0.0728361188166 1.25764515465 0.741982744513 0.741982744513 0.787964206685 0.798318837846 0.810829133869 0.834047346288 0.842906531205 0.850976205258 0.873744476804 0.889822079271 0.916124693802 0.933113552316 0.954113659588 0.965201588265 0.976398664362 0.996270492788 1.00309726839 1.02533549328 1.03982202142 1.0565953698 1.06110870612 1.08021498649 1.1324043509 1.19168463184 1.25764515465
47 612 0.0718543381159 1.24798162807 0.735516901384 0.735516901384 0.7796825956 0.803268090177 0.80899078977 0.830631684943 0.844876655806 0.849324002391 0.875338803351 0.887009709639 0.903451319169 0.931073904023 0.954298500951 0.964768306807 0.974753641355 0.997783007321 1.00612149721 1.02657212099 1.0402638663 1.0556192737 1.07107406927 1.07924679013 1.13155880267 1.18859197461 1.24798162807
48 625 0.0693625724637 1.24463841268 0.733717611626 0.733717611626 0.784548217841 0.799987793132 0.802743387139 0.827853463423 0.845430911895 0.850172877862 0.874091871714 0.889532165043 0.905390905699 0.929110050333 0.945904933924 0.959022517885 0.972245526101 0.995554912917 1.0097610204 1.02957894268 1.04012783141 1.05533197919 1.07054790735 1.08343868318 1.12784251903 1.18461994221 1.24463841268
49 638 0.0683366142524 1.23931815086 0.73202726036 0.73202726036 0.776747732013 0.792301233208 0.805055023043 0.828828623844 0.844885301844 0.851606853157 0.87302661018 0.889111096347 0.898102752014 0.936135437422 0.942977373082 0.958804216799 0.975180412429 0.993383336473 1.00913382857 1.03030149206 1.03879609827 1.06039322301 1.06725809172 1.08796222521 1.12424478131 1.18233810743 1.23931815086
50 651 0.06799210977 1.23922380502 0.73048185888 0.73048185888 0.776504803232 0.791539751858 0.808194745038 0.825948877328 0.845665476885 0.854552629667 0.868345774416 0.885364813612 0.896016147101 0.932519280628 0.944631556414 0.952875114909 0.979567476539 0.993969134405 1.01170705135 1.02371654029 1.03758067165 1.05334125064 1.06610561024 1.09134728539 1.12535707655 1.17630536861 1.23922380502
51 664 0.0661790886331 1.24350294639 0.726804571143 0.726804571143 0.772138939876 0.78886208603 0.809286417465 0.825571682293 0.839647029077 0.846044258301 0.87380007846 0.883836259439 0.897958796522 0.926489120982 0.938054258487 0.946905191706 0.982510460084 0.984102573789 1.01229196604 1.02218195834 1.03600176647 1.04328836202 1.07005249594 1.09283763838 1.13795468627 1.18277455176 1.24350294639
52 677 0.0654801546708 1.25299704815 0.729215990061 0.729215990061 0.771352831245 0.787720006375 0.813619225132 0.821644065507 0.842293556234 0.848519139516 0.869671708208 0.881044279063 0.898012717747 0.923872364377 0.938326337887 0.947537518647 0.982127397501 0.992670424485 1.0113833619 1.01906673485 1.02041829493 1.04255233969 1.06006134143 1.09108177006 1.13564295224 1.17788128653 1.25299704815
53 690 0.0653301237096 1.25512318016 0.732357489136 0.732357489136 0.767672854797 0.784150918254 0.812569726974 0.826570398378 0.836509906495 0.848914376847 0.869907763263 0.873116958883 0.903437787327 0.923153571862 0.943463971818 0.947180197943 0.984206594668 0.986881569214 1.00810395449 1.01402458259 1.01776276258 1.04165984128 1.06185771866 1.0886864983 1.13421099526 1.17590698708 1.25512318016
54 703 0.0651628365794 1.24617402254 0.732144551632 0.732144551632 0.763933242123 0.776130261985 0.811464395297 0.826099658137 0.836625876171 0.843449516228 0.866637946049 0.869894726558 0.902366422195 0.922386134123 0.946703387358 0.949492704393 0.974055103127 0.993835110012 1.01070508331 1.01717394332 1.01909487024 1.04019149734 1.06065975469 1.09068392219 1.14156543335 1.1695547832 1.24617402254
55 716 0.0643953403349 1.24576831436 0.725753240299 0.725753240299 0.765944093785 0.772238063743 0.812613829109 0.824460800052 0.83395619185 0.849065009859 0.865511953519 0.86716076381 0.899767981552 0.924836714948 0.945319960502 0.954787706701 0.978924177662 0.992774476675 1.00786669555 1.02016675544 1.0258603289 1.04003428868 1.06256034791 1.09482766408 1.14622389841 1.18004896413 1.24576831436
56 729 0.0610306433998 1.24501907113 0.727001458742 0.727001458742 0.764190625595 0.769247740367 0.814493034116 0.82286103462 0.834603004295 0.842095707127 0.865287070276 0.865726097329 0.904523042742 0.925401588381 0.941307231532 0.959797947943 0.970348598036 0.981012102242 1.0078813204 1.02406586465 1.03437991948 1.03986733313 1.06429648241 1.09731544967 1.14763380666 1.18068490966 1.24501907113
57 742 0.0583313506417 1.23756411154 0.724153836072 0.724153836072 0.764092617468 0.76944195523 0.812164614264 0.822491928274 0.831992315387 0.834841963193 0.859424987517 0.863069876402 0.909422652202 0.919602923394 0.941747891166 0.962227607966 0.96437386385 0.97959919625 1.01237905851 1.02349265951 1.03908965205 1.04550899139 1.06395624468 1.09137844873 1.14996533099 1.17609733568 1.23756411154
58 755 0.0548560317686 1.23976016312 0.717359294276 0.717359294276 0.763490821859 0.771644229273 0.805817113001 0.820134901673 0.829369350053 0.835636673282 0.857808049729 0.867022300751 0.905548201593 0.926343163355 0.936101720405 0.958983225448 0.963562838905 0.976829994049 1.01337739086 1.01992422983 1.03609810791 1.04653313707 1.06701288064 1.09775001014 1.14777399913 1.17162131376 1.23976016312
59 768 0.0520359706727 1.23407340586 0.714764526781 0.714764526781 0.759234780628 0.770881084016 0.805112869245 0.816862215958 0.830612782135 0.835937297685 0.855935212583 0.865905990015 0.907068840742 0.930651981124 0.931439788018 0.94780610987 0.962363548854 0.968399755497 1.01226569573 1.01394668628 1.03649045109 1.05001465633 1.06317801293 1.09883322622 1.14450742357 1.17180320696 1.23407340586
60 781 0.0501376203554 1.23567151299 0.70587791427 0.70587791427 0.761444623828 0.761999669964 0.801969896429 0.816298054486 0.827709553185 0.836335419156 0.853816947759 0.86463685447 0.907337497392 0.925443637584 0.93092291245 0.938853305493 0.959334390495 0.966984193415 1.00933828784 1.01990135341 1.03866904445 1.05268077981 1.0650903855 1.09030137415 1.14560840416 1.17207284315 1.23567151299
61 794 0.0488786520109 1.24368246597 0.706463954791 0.706463954791 0.758512450414 0.761830587847 0.798129678119 0.816343885879 0.822187386842 0.835290363393 0.846353997017 0.862038094222 0.909067553376 0.922377564846 0.928666486035 0.93955100719 0.958317908442 0.965303246152 1.0000599753 1.01814063962 1.04106973922 1.05587373082 1.06652531848 1.09721961752 1.14941417876 1.16820707133 1.24368246597
62 807 0.0472943738441 1.23641636405 0.696112654461 0.696112654461 0.754005257595 0.768402507977 0.794112292445 0.809970671509 0.81808267552 0.835916512458 0.842153623461 0.860551738616 0.908796305294 0.914019548175 0.926339335225 0.939112742125 0.959901543025 0.961287598323 0.999918344593 1.02257592812 1.04169156324 1.06182997344 1.06801934822 1.09893909405 1.14967032938 1.17274139641 1.23641636405
63 820 0.0461604175648 1.23706036416 0.694415237109 0.694415237109 0.758886897107 0.768209226567 0.795606077685 0.802135055567 0.817337572281 0.827211579368 0.836725640998 0.859002659656 0.900644817021 0.91037053868 0.924835352266 0.931818005378 0.958638691639 0.961821101314 0.997273454423 1.03567216639 1.04865608439 1.05963009937 1.07109413725 1.09869281068 1.15049642083 1.1763573025 1.23706036416
64 833 0.0447699530679 1.23576176787 0.691194889179 0.691194889179 0.757583805709 0.769143951829 0.796691176753 0.802919072593 0.817585473426 0.825989010162 0.831733880009 0.859480876919 0.892693243382 0.908455351453 0.924998613167 0.934105651888 0.960111501611 0.966297984842 0.999492143203 1.0277309474 1.05314543454 1.06667794963 1.0729586539 1.09818810237 1.15280883419 1.17647201108 1.23576176787
65 846 0.0439599476447 1.24028990448 0.686229848432 0.686229848432 0.746946411771 0.768929807896 0.787216486685 0.799754540805 0.814351146072 0.826107444613 0.830743820475 0.858513292378 0.886899625933 0.912237920895 0.927029083153 0.936686601668 0.958157854826 0.969187117013 1.00234347093 1.02811392369 1.05085791307 1.06560811195 1.07538650934 1.0973968952 1.15368686235 1.18117562276 1.24028990448
66 859 0.0428619272469 1.2386194848 0.684378734773 0.684378734773 0.747846562644 0.773857989779 0.788172974166 0.801955432639 0.81211754315 0.823032225803 0.829631771055 0.856426012507 0.888591091354 0.904817062901 0.926873904842 0.938138301847 0.951613372805 0.971185436853 0.994460835154 1.02147263695 1.04751057922 1.05763304269 1.07407618337 1.10457540659 1.15298453117 1.18146349983 1.2386194848
67 872 0.0423627725396 1.24125523029 0.684704359889 0.684704359889 0.743695743241 0.77229861619 0.785461259077 0.799494708298 0.808376936781 0.824020330195 0.827294512451 0.851111603319 0.893081473103 0.903542003403 0.923646597767 0.938493613987 0.949186258735 0.966843412189 0.988449655862 1.01264181596 1.04587565805 1.06043802992 1.07266835025 1.10770421573 1.15599477686 1.1800491062 1.24125523029
68 885 0.0424789385405 1.24411300765 0.685437396635 0.685437396635 0.738632759431 0.769756693745 0.785907092798 0.793237530542 0.809876631114 0.82148451369 0.833670235617 0.847705887527 0.892661942085 0.906396519338 0.924103869271 0.938358991479 0.950459779475 0.966547807467 0.991400999851 1.0186181906 1.03376844519 1.06074237724 1.0694930322 1.10738369922 1.15725509476 1.17982955728 1.24411300765
69 898 0.0418273041078 1.25697075266 0.686546572004 0.686546572004 0.734681741947 0.768915798831 0.778968460791 0.790892524106 0.805938783546 0.820467034198 0.835424830893 0.845584051736 0.888225170973 0.90113600115 0.92209087095 0.937604590298 0.94892045047 0.967686306721 0.999698913208 1.01934305018 1.03593055783 1.06154986022 1.08127588454 1.10314147032 1.15583471185 1.18825934718 1.25697075266
70 911 0.0407604522558 1.27263045605 0.68786090928 0.68786090928 0.734087732458 0.761435782238 0.77155823551 0.789433553168 0.800866738733 0.821268148677 0.837718318431 0.842774169952 0.881293340474 0.899146200763 0.917666325165 0.937368699667 0.947360487725 0.968826939064 0.999271510405 1.01958612199 1.02751040715 1.06414818725 1.07723727851 1.10870850982 1.15324360052 1.19317060768 1.27263045605
71 924 0.04003172879 1.28873014653 0.687883520443 0.687883520443 0.728029430112 0.755453515483 0.776174878776 0.785497739883 0.800503227162 0.819920808276 0.83104230523 0.836853502055 0.880347048138 0.89961628618 0.917854403077 0.93638644275 0.940393018539 0.968276759396 1.00403225604 1.02048067188 1.02647414918 1.06665007902 1.07456553992 1.11103799994 1.15107542468 1.19490098372 1.28873014653
72 937 0.0394310412534 1.30544173347 0.68579068141 0.68579068141 0.726875214004 0.747809507831 0.77232167451 0.777759783836 0.797324750226 0.817317177214 0.828908710666 0.839406100776 0.880275975819 0.897465680936 0.924806054738 0.936956267983 0.939814430325 0.964314835826 1.00298801208 1.01788440026 1.02215655585 1.06393276885 1.07226229106 1.11579933693 1.15211369482 1.19899491053 1.30544173347
73 950 0.0392381767096 1.30963718504 0.682515294173 0.682515294173 0.726848807846 0.743592990533 0.770772326658 0.781933691406 0.796120009035 0.816994517155 0.832712723551 0.837931190346 0.869306882914 0.895880060912 0.921447073853 0.937080646565 0.94145778636 0.96536877237 0.997038330571 1.01827450162 1.02615233055 1.05883739916 1.0723847497 1.11814956859 1.15143528783 1.20186558079 1.30963718504
74 963 0.0387904335233 1.31373237629 0.678976093905 0.678976093905 0.725251751296 0.743102693134 0.768866012729 0.782254932604 0.793828628822 0.806484503972 0.832749219563 0.838911576177 0.870046390676 0.891672122429 0.920499030017 0.933855839544 0.94186244536 0.9611163762 0.990440002537 1.01661752737 1.03392860992 1.05310771323 1.07308923879 1.11590021124 1.14925610244 1.20630863269 1.31373237629
75 976 0.037661941303 1.31861191766 0.67737206199 0.67737206199 0.715799610377 0.737914770421 0.769384109263 0.781425668547 0.791732240561 0.804801798198 0.828300885141 0.838186503616 0.865871425326 0.890186014645 0.919817244073 0.934127256641 0.941295162894 0.964233004657 0.991842110565 1.02777888078 1.03639883419 1.05286833707 1.06663309796 1.11202471118 1.14182420936 1.21034397581 1.31861191766
76 989 0.0379833166397 1.31809074833 0.67397863737 0.67397863737 0.71313598523 0.73501903436 0.759282176279 0.77888660187 0.792513922198 0.803618615437 0.827372950064 0.840170263297 0.872372134469 0.885496871229 0.914443361207 0.932229897439 0.946079571435 0.965388253464 0.99434998032 1.02663319016 1.04500405049 1.04750546643 1.06926398064 1.11113351377 1.1385432759 1.20773029411 1.31809074833
77 1002 0.0385748803004 1.31808639518 0.676559929633 0.676559929633 0.711136968036 0.73645923232 0.75645354659 0.776022675485 0.790851406923 0.80145350814 0.822898356566 0.831595281175 0.870584698504 0.884411315891 0.914808118525 0.92965282265 0.944740442309 0.964557497885 0.991486612184 1.03916034557 1.04674968103 1.05669521301 1.07015907745 1.10963116134 1.1457715633 1.20935530696 1.31808639518
78 1015 0.0388221568458 1.32281292312 0.670933419132 0.670933419132 0.705155245801 0.733962939882 0.75887274133 0.775538559887 0.789374092833 0.796958627417 0.825667812255 0.833782889145 0.872253036753 0.879877190709 0.914976687208 0.926162191076 0.945267199175 0.963673115146 0.989262544935 1.03705054393 1.04280131937 1.06111439903 1.09459475835 1.11487564986 1.14735039662 1.21361614666 1.32281292312
79 1028 0.0395978902768 1.32762833509 0.662988206667 0.662988206667 0.698644165321 0.726590952294 0.762668614077 0.775390321662 0.783190487056 0.796951151682 0.824699090515 0.831724909429 0.869034037008 0.879061832149 0.91210879161 0.927373236947 0.943001559314 0.965006316832 0.9925140267 1.033217351 1.03700051746 1.06071182097 1.09582537804 1.12301973435 1.15150644692 1.21946463275 1.32762833509
80 1041 0.0401862609877 1.32709247989 0.663920216308 0.663920216308 0.695220354429 0.72727401328 0.755695929288 0.76806998424 0.783551097616 0.793623082723 0.821733332763 0.833263726852 0.866101223099 0.880861598747 0.912956660409 0.930502921894 0.942742418596 0.963027364669 0.993290553634 1.02498673542 1.03904682119 1.06198000393 1.10173947465 1.13105042639 1.16552805951 1.22569325687 1.32709247989
81 1054 0.041634011505 1.32868279095 0.660091176811 0.660091176811 0.691644516951 0.726904944351 0.751831409914 0.767783601358 0.782905512882 0.797703013889 0.82308079671 0.833546246562 0.862072140104 0.881226524679 0.918236622808 0.934190143033 0.943704809875 0.9539488885 0.995764267135 1.01429295924 1.02870418307 1.06466581761 1.09845402618 1.12913621016 1.16842100635 1.23307031967 1.32868279095
82 1067 0.0425759102958 1.33281626156 0.660643793722 0.660643793722 0.685113122074 0.724517396685 0.752705375399 0.765795331553 0.7823560087 0.79612401434 0.822771746241 0.834266023643 0.864148804722 0.879832548119 0.925349787501 0.935019878771 0.94758642526 0.953098093684 0.993569098902 1.02408473815 1.02937944622 1.06006346401 1.09311435424 1.12770174707 1.1689522305 1.24646150692 1.33281626156
83 1080 0.0433293484195 1.33589663355 0.650750567845 0.650750567845 0.683721099653 0.727109798687 0.75312913542 0.764887641959 0.778555581427 0.794950856057 0.823178728703 0.836980854553 0.862806586073 0.878576070008 0.923755625501 0.930639722426 0.944735532677 0.951331102603 0.98674064043 1.0243910006 1.02971356339 1.06513812663 1.09906427259 1.12519120653 1.17980742793 1.24611972807 1.33589663355
84 1093 0.0445309879954 1.34122290859 0.64917763083 0.64917763083 0.680786682977 0.7257845574 0.753099894765 0.761148313847 0.781051202128 0.787623856853 0.821794031155 0.839530613167 0.861435762605 0.878090267708 0.923990016071 0.93078215185 0.945833724133 0.959014842866 0.988130499091 1.02205731939 1.03457546838 1.06315994127 1.09111039627 1.12621933785 1.18908209608 1.24309125863 1.34122290859
85 1106 0.0448415885529 1.34158120804 0.646482010599 0.646482010599 0.677788160682 0.721887843734 0.753080999467 0.759797713497 0.771571945731 0.790854544094 0.819677212584 0.842218802441 0.858016876012 0.897351361508 0.923434414174 0.931123208499 0.942956700055 0.967500853472 0.98927098727 1.02079562519 1.03462762724 1.05116401705 1.09068680608 1.12208104953 1.19093881418 1.24250593915 1.34158120804
86 1119 0.0445142785129 1.34139265268 0.640180430722 0.640180430722 0.674470295697 0.722313282638 0.748517350525 0.760923573094 0.767956561297 0.796710929982 0.821607724161 0.837001909379 0.852720896478 0.899274666212 0.919172606807 0.930155208341 0.943628918244 0.971493787317 0.989270944798 1.02063215293 1.03145502335 1.04540715812 1.09132659078 1.11145275519 1.19512019514 1.25331718333 1.34139265268
87 1132 0.0445656996159 1.35803205033 0.635264763752 0.635264763752 0.663749635891 0.72547922394 0.74747672098 0.756844490345 0.768200507138 0.793760402235 0.818381024907 0.836614408751 0.849993104917 0.900121787397 0.91953313378 0.929692222942 0.942809346447 0.971590779591 0.997293384103 1.0121686069 1.03301229699 1.04548694507 1.09104326866 1.11240904196 1.19187930162 1.25493252171 1.35803205033
88 1145 0.0439412296865 1.36982471645 0.630821298067 0.630821298067 0.662700235202 0.728561107263 0.740856167157 0.750466980556 0.765807928787 0.795680203221 0.811937096065 0.841408008074 0.848583998242 0.893308990884 0.916419656554 0.92736519717 0.941105163066 0.97266522914 0.998390912757 1.01464403333 1.03249168048 1.04749698126 1.0904433188 1.11988784358 1.19087332485 1.25882107658 1.36982471645
89 1158 0.0439183290195 1.37726933187 0.631063070045 0.631063070045 0.662259828819 0.725009793303 0.739466116843 0.741402135061 0.765239989585 0.798919224699 0.813583209955 0.842678122852 0.849864430455 0.900625302381 0.917357808101 0.928686981441 0.939202708497 0.9697021837 1.00038008372 1.01589975441 1.02917919632 1.03982260368 1.07854238078 1.1211492518 1.19208999753 1.26165528257 1.37726933187
90 1171 0.0426287213445 1.38855423428 0.630980566028 0.630980566028 0.661442612348 0.724366762277 0.735618300048 0.743249030345 0.765181016194 0.799874864627 0.81800126041 0.840464526003 0.841175561032 0.90051312987 0.916854969295 0.929146337028 0.934994691345 0.967367711719 1.00242194599 1.01033215585 1.03118234865 1.04117482739 1.08071487692 1.13339015599 1.18925125697 1.26574380847 1.38855423428
91 1184 0.0417162024388 1.38470448535 0.628682614209 0.628682614209 0.659065019614 0.721079620088 0.737413237716 0.742075263017 0.763109863287 0.799232417775 0.815061775662 0.832468314926 0.84558010085 0.897040104469 0.911761453223 0.927758551292 0.934428109909 0.962117432726 0.991924681978 1.00828880542 1.02795283586 1.04941926374 1.08111430621 1.1353317791 1.18039715739 1.27074805901 1.38470448535
92 1197 0.0411665703362 1.40433663475 0.627609883909 0.627609883909 0.655603926285 0.716600130489 0.735991729048 0.747983268447 0.763621720122 0.798692969014 0.815296580639 0.832606644453 0.845931604293 0.89665116338 0.906456028945 0.92613376798 0.932980851689 0.95947564746 0.990297768504 1.000908383 1.02928923292 1.04712271501 1.08035266463 1.1341745975 1.18221154052 1.27471067697 1.40433663475
93 1210 0.0399814781852 1.40819646746 0.626364989998 0.626364989998 0.650436595491 0.716651530475 0.733871868658 0.747149977864 0.760970114781 0.802925390039 0.818478501021 0.834665311822 0.843987561412 0.895634239608 0.902023210925 0.922351120686 0.927886079117 0.959086265264 0.981188840705 0.997028044666 1.0293792056 1.04535484394 1.0820391651 1.13241834633 1.18199500713 1.2840273314 1.40819646746
94 1223 0.0389642164545 1.41338863798 0.614817321415 0.614817321415 0.648179742511 0.71796670087 0.731411180967 0.74592315326 0.755522681906 0.799924736607 0.815318039964 0.833330718342 0.847698735501 0.894245462238 0.900929456306 0.921350484203 0.924680412498 0.96327163742 0.983963384133 0.997498752267 1.02167279558 1.05254443189 1.07590312937 1.13433540667 1.18105304084 1.27519986057 1.41338863798
95 1236 0.0381596471594 1.4075500372 0.611047643791 0.611047643791 0.64551715928 0.714435359176 0.72984265273 0.748867606787 0.754774016933 0.798143907358 0.812531371585 0.827541369405 0.845317535595 0.893782102262 0.899503249472 0.920336115144 0.922670083665 0.955852559516 0.986595576194 0.998426585172 1.02973437418 1.04976304755 1.07659035209 1.1358902034 1.18694340786 1.27680164608 1.4075500372
96 1249 0.0368918379167 1.40605042663 0.60732532139 0.60732532139 0.643020507036 0.712272783179 0.724848737326 0.747136660035 0.75539476544 0.790015695606 0.808236521061 0.82847650856 0.84078850486 0.893873140842 0.896946588048 0.916813912264 0.928273291436 0.956144638751 0.985898150233 1.00133486837 1.03195750583 1.05139574935 1.08017546185 1.14558015388 1.20089232359 1.27204908981 1.40605042663
97 1262 0.036489300583 1.41759557171 0.60550870838 0.60550870838 0.632938903495 0.706067210555 0.722176620779 0.742859644087 0.755048342493 0.781706844791 0.808840805227 0.826251813903 0.840442886552 0.897215820221 0.901210553875 0.918452612351 0.929727706537 0.950694927964 0.988048829734 1.00114425115 1.02789282494 1.04248639507 1.0892973054 1.14842164058 1.19674236592 1.27176283303 1.41759557171
98 1275 0.0351281381135 1.41595345374 0.597080211541 0.597080211541 0.632595759265 0.705816808365 0.714609716558 0.741610282633 0.752301917598 0.781612906356 0.808981086163 0.827069643391 0.839565528023 0.890574698953 0.901201371956 0.916374670418 0.93364493918 0.948649751648 0.979754203745 1.00287213841 1.04151201735 1.04815711824 1.09405214587 1.14605962547 1.19752436131 1.26305174816 1.41595345374
99 1288 0.0346566438489 1.41647028532 0.5921446907 0.5921446907 0.63111381418 0.704268799673 0.712648705761 0.736279598574 0.746196639698 0.783345742227 0.803807555258 0.828439098946 0.838924080853 0.890077018455 0.898539617025 0.915072313503 0.934538270482 0.95130150711 0.979652669492 1.00020263072 1.03744227509 1.05159763423 1.09621493644 1.14305615275 1.19670760916 1.27185350157 1.41647028532
100 1301 0.0345797429843 1.42680033899 0.585555922333 0.585555922333 0.630087098076 0.701564985529 0.709194215142 0.734617052422 0.741459377572 0.785073672585 0.804472409513 0.824353027718 0.836224361218 0.890187547016 0.900995275343 0.915791357111 0.929510134875 0.950667552254 0.978981743189 1.00264284692 1.03825027878 1.05049851377 1.10533320273 1.13963186739 1.19423156783 1.26669245055 1.42680033899
101 1314 0.0338552679198 1.43762265602 0.581605546841 0.581605546841 0.627512492725 0.69633625678 0.706869722925 0.733372705809 0.740316765314 0.784719878173 0.806099306903 0.822419435522 0.836335067631 0.885627945404 0.893564886605 0.916760169563 0.928058876102 0.942943510335 0.976691298569 1.00536920116 1.0344297199 1.05047571215 1.11389323791 1.14079674995 1.19499274429 1.27863929715 1.43762265602
102 1327 0.033156501664 1.43842167337 0.581892007892 0.581892007892 0.62934616158 0.694179911999 0.706494613411 0.735250653334 0.737026581996 0.775699365097 0.808803595846 0.820814628876 0.835546109896 0.880168918657 0.892554838782 0.918822476754 0.925769426049 0.946522518116 0.979459982363 1.00223118468 1.03427182502 1.04937926735 1.11758145441 1.13781351649 1.19511182267 1.28123441852 1.43842167337
103 1340 0.0332285756706 1.42927105493 0.577165013566 0.577165013566 0.623036700542 0.687598887201 0.69857510717 0.733130976184 0.740535503226 0.774977461284 0.808623033764 0.822503711944 0.839826950421 0.876849938399 0.895118411208 0.918984914344 0.926091569042 0.939630512868 0.978489741245 1.00342245035 1.03291240529 1.05006895349 1.12655278442 1.14472906244 1.19882649062 1.28148208799 1.42927105493
104 1353 0.0333146815217 1.43742177009 0.577561347543 0.577561347543 0.622342994436 0.683347997339 0.701457014814 0.714941641631 0.734612737638 0.775557768264 0.80905156006 0.825934933835 0.835180113738 0.872288369994 0.896835805401 0.919901051728 0.924838189305 0.93753775343 0.98136204002 1.00546437645 1.03404146124 1.0522921357 1.12656876977 1.14451290473 1.19910406883 1.27853091302 1.43742177009
105 1366 0.034745805119 1.44984247729 0.576901873249 0.576901873249 0.622109558201 0.684604656681 0.699546917425 0.714432988026 0.739809658044 0.774716451349 0.800876257069 0.820767625133 0.833959724168 0.873792515944 0.898705336929 0.909715602247 0.930189981981 0.94046244247 0.978611911341 1.01071140546 1.03335923333 1.05309955024 1.12363027409 1.13933355561 1.2000414007 1.27531098096 1.44984247729
106 1379 0.0352056153163 1.4507231433 0.57125831545 0.57125831545 0.616839776393 0.684299357971 0.705084324659 0.711303927338 0.750444017526 0.781518041023 0.797953042981 0.821502087068 0.832511079195 0.873014725081 0.898056765597 0.904597517975 0.920814579624 0.944982745335 0.977437305694 1.01240408102 1.03418538333 1.05915347295 1.12676196935 1.14001357601 1.19674195975 1.27147052275 1.4507231433
107 1392 0.0342634345571 1.43859504852 0.56635699769 0.56635699769 0.615142740909 0.68388687766 0.704379333898 0.712519280681 0.747092682463 0.782609152307 0.798151097012 0.817547003428 0.834539364233 0.868527127509 0.896485383592 0.903199174912 0.922908348074 0.946312965651 0.985545100809 1.01477592484 1.0315458497 1.06877252113 1.12382796693 1.13806228242 1.18862349567 1.27005314195 1.43859504852
108 1405 0.0334317295406 1.43806385269 0.562370021552 0.562370021552 0.604343312018 0.677498363218 0.705978155239 0.711078615648 0.748813073693 0.783135980518 0.795937281585 0.81266711348 0.835386467302 0.869064419858 0.895026125699 0.90743447764 0.918816165511 0.945397218018 0.987364269245 1.01738690272 1.02415713992 1.07725061471 1.12612680853 1.13756171207 1.20208790524 1.26952327051 1.43806385269
109 1418 0.0322641393162 1.43601547952 0.556664094575 0.556664094575 0.60355310813 0.674776558183 0.698387697278 0.712891536319 0.749147914883 0.781436053064 0.790716860144 0.814791179162 0.834109697305 0.868420045414 0.895312343135 0.908417004816 0.915882505349 0.939268596946 0.991883434289 1.0123039362 1.02280475936 1.08153236118 1.12890567771 1.13823478039 1.20307222137 1.27044028974 1.43601547952
110 1431 0.0317348769133 1.43643092843 0.552384431259 0.552384431259 0.599839721423 0.673470666107 0.698530612276 0.708494885334 0.750015237137 0.774688915961 0.791843486375 0.816008417163 0.830573655487 0.868972358797 0.887865854841 0.904762975824 0.919061656779 0.941002844654 0.991933727275 1.0113861456 1.02823942741 1.07925045489 1.13193830649 1.13742000053 1.20753514117 1.26346885206 1.43643092843
111 1444 0.0314616617999 1.43175638755 0.550866871388 0.550866871388 0.592835264004 0.671700338726 0.697090002349 0.709606494965 0.749598476448 0.771866022849 0.786341744228 0.815904001762 0.830022526954 0.870925505386 0.887610935199 0.908856394984 0.919466007976 0.940652502246 0.983818739105 1.01567012247 1.02892153824 1.08179680734 1.12336808435 1.13476201089 1.20180271113 1.2622151044 1.43175638755
112 1457 0.0316045638383 1.43127369594 0.545478932752 0.545478932752 0.58539584003 0.674323248388 0.691710461859 0.709369029711 0.745394532489 0.767417146929 0.789681494191 0.81324016043 0.835922924543 0.869413600959 0.88780872441 0.905231364113 0.918654531674 0.939905463082 0.975417392766 1.01753445122 1.03339955511 1.08818103969 1.12195353361 1.13915149826 1.20159638929 1.25978735288 1.43127369594
113 1470 0.0319079883155 1.43094472569 0.54310845413 0.54310845413 0.584609841108 0.668979892804 0.680743451501 0.710647136937 0.745807128205 0.767302142896 0.789179726193 0.814687257957 0.836585758581 0.874837715336 0.889803705183 0.905919153242 0.91227308981 0.938068943676 0.970947802236 1.01351541491 1.05701646535 1.09157214457 1.12220193267 1.14117856011 1.2023718454 1.25368984177 1.43094472569
114 1483 0.0316847111193 1.42726833324 0.543175593199 0.543175593199 0.581063482364 0.666238701035 0.680203263952 0.710328277134 0.741256602063 0.766039501695 0.788409364637 0.812053038269 0.839374188903 0.877592251685 0.887553099044 0.904559622455 0.914282271234 0.939891845931 0.964316845978 1.01391048745 1.05517472654 1.11136569124 1.11442037691 1.13862511468 1.19390262205 1.24649232376 1.42726833324
115 1496 0.0315403724858 1.4213040663 0.541926512305 0.541926512305 0.581140200435 0.666316730073 0.679794699131 0.7141396197 0.737665950539 0.766006201775 0.784776393608 0.809731265316 0.833788887513 0.876662804916 0.883867980547 0.903570820462 0.918226304582 0.938129353441 0.961542836517 1.00903517318 1.05268924846 1.10217122711 1.12626490279 1.13933567065 1.19369079655 1.24573519552 1.4213040663
116 1509 0.0307772050211 1.41932603117 0.53917140593 0.53917140593 0.57963450251 0.66448446921 0.676203598656 0.713857115399 0.737399201148 0.765288011756 0.781282509358 0.8036716803 0.827622197234 0.874622591676 0.889294161735 0.905167878687 0.916333537182 0.936884046884 0.957634341733 1.01102985417 1.05453606842 1.09663673596 1.1311499393 1.14687019515 1.19288077178 1.24122607438 1.41932603117
117 1522 0.0301973484298 1.42866153725 0.532624291057 0.532624291057 0.577805031552 0.661261264388 0.677034725021 0.711099844618 0.736644702345 0.766145603224 0.773297464188 0.806120378849 0.825638363742 0.874599674414 0.890703603748 0.902548983099 0.914825843939 0.93782432301 0.959861630094 1.01229336804 1.06212122336 1.09670463658 1.13167183544 1.15557049977 1.18890311747 1.23664548342 1.42866153725
118 1535 0.0295929515195 1.4201290345 0.531251085353 0.531251085353 0.576709264555 0.661136712472 0.672739702747 0.709096144536 0.734970844642 0.769479555431 0.771887048814 0.801570842236 0.83021986899 0.871049778296 0.883649438899 0.905065181012 0.920744634069 0.935752828494 0.958725810094 1.01660308917 1.05881532557 1.09792889053 1.13454763381 1.16187062332 1.18168887602 1.22785374115 1.4201290345
119 1548 0.0284383677985 1.41695261006 0.527862739282 0.527862739282 0.572762706764 0.659280835167 0.674094528352 0.710827401026 0.73024646119 0.765593625252 0.780760191966 0.799119073813 0.83161782113 0.862998812046 0.878224620112 0.908791801694 0.919615699032 0.933384205317 0.959428454656 1.02234273837 1.04932729892 1.09289783754 1.12849671962 1.16766546731 1.17855895627 1.22189186895 1.41695261006
120 1561 0.0275339262031 1.41235807278 0.519666356856 0.519666356856 0.570880389673 0.657842419928 0.674092473554 0.710490059929 0.732579584185 0.76894774017 0.781267949911 0.799471826963 0.824735683316 0.862536371396 0.880722093018 0.910152100086 0.920542624408 0.932976858923 0.953312373479 1.02243976225 1.05094330122 1.09108522377 1.12564941933 1.17058757914 1.17585775577 1.21178147391 1.41235807278
121 1574 0.0273691490711 1.41481658904 0.516918897287 0.516918897287 0.572153298239 0.658714524829 0.67212109614 0.709491523912 0.732743725171 0.770850093167 0.774786243111 0.794173941032 0.827150908611 0.862640887637 0.880432480439 0.910036559076 0.913015464972 0.934308358025 0.945444666573 1.02502777843 1.05380546966 1.08898962069 1.11843327696 1.16892187685 1.17427664349 1.20893593629 1.41481658904
122 1587 0.0265197031378 1.41426416725 0.50738928444 0.50738928444 0.573370404682 0.653643879607 0.667571045342 0.706732195902 0.729513688227 0.771565267629 0.775858992194 0.794614320585 0.826994877726 0.857976340366 0.881246954786 0.906132976946 0.910204465161 0.940213283577 0.950904187668 1.03406159981 1.05364001148 1.09166820301 1.12781546249 1.16864347788 1.1761298435 1.20915207956 1.41426416725
123 1600 0.0258319838679 1.4191734281 0.508191490304 0.508191490304 0.575734476492 0.653557206157 0.666855430646 0.705896977762 0.728323973181 0.771878594309 0.772489429258 0.79086149841 0.821615535262 0.858960808126 0.882868831589 0.897612205355 0.905081139281 0.937992139384 0.950127455507 1.02860418447 1.04894799894 1.09623064688 1.12264260397 1.16797973352 1.17525298441 1.21238363957 1.4191734281
124 1613 0.0252646008436 1.42442246493 0.493910964272 0.493910964272 0.577370588989 0.654345136364 0.667337038549 0.701861965718 0.730431464174 0.77337372529 0.774641521566 0.789618733076 0.826737263023 0.857241336279 0.878258723737 0.899599934679 0.909923501612 0.937310692086 0.943744546079 1.02825066532 1.0497494391 1.092089022 1.12158066854 1.16252561948 1.18128317961 1.21456287717 1.42442246493
125 1626 0.0245004896905 1.43430331946 0.488949398484 0.488949398484 0.572506450013 0.651223619841 0.668589760911 0.70932510603 0.72906915124 0.768302673899 0.77553924386 0.788212780412 0.828277714449 0.854206906849 0.877682865771 0.901359661886 0.916087578018 0.928682033879 0.940749589154 1.02964959134 1.04530120977 1.0855359532 1.12381439864 1.16112998451 1.18235415522 1.22012644944 1.43430331946
126 1639 0.0231623743898 1.42529649174 0.483990427718 0.483990427718 0.570984025464 0.652264920125 0.667230071832 0.709211092066 0.724912416471 0.765262100322 0.77472103469 0.789009158264 0.8254032629 0.847829652039 0.879388840301 0.900902874714 0.921371277867 0.931534256738 0.941842330144 1.02561186763 1.04569772842 1.0798325889 1.11477812739 1.15403349798 1.1826383873 1.22150198484 1.42529649174
127 1652 0.0227039308892 1.43359946049 0.483580977055 0.483580977055 0.565139221215 0.650040818404 0.666067745553 0.706221545425 0.721807764299 0.76570149834 0.775318739198 0.786723229248 0.825238420115 0.848756024072 0.881393622822 0.899515321181 0.914990726449 0.937106226138 0.938537747861 1.01801150145 1.04713581548 1.07821764334 1.11295488399 1.15239635187 1.17412912104 1.22948224437 1.43359946049
128 1665 0.0223965753492 1.43122635064 0.483491953297 0.483491953297 0.564090668724 0.647035647854 0.664570433235 0.702294930999 0.719785781212 0.764659156041 0.77052783627 0.783717205259 0.816252540566 0.848636333004 0.885447542534 0.897912391503 0.925597554541 0.941567391786 0.951680758542 1.01994596201 1.04929002691 1.07962478723 1.11410539101 1.15285655663 1.17097547537 1.22693337131 1.43122635064
129 1678 0.0220029838658 1.43255154604 0.484614804391 0.484614804391 0.562811697953 0.64238439919 0.661847575815 0.702253229052 0.716829657389 0.766035250735 0.768597201441 0.780237509904 0.812149288297 0.847877549102 0.886959885088 0.896204683618 0.928786022585 0.943544170378 0.948166469749 1.0207449568 1.04397733841 1.08402945866 1.10565434193 1.16227111467 1.17515328109 1.22927800492 1.43255154604
130 1691 0.021996047103 1.43278077798 0.487514515908 0.487514515908 0.56060781289 0.640985262624 0.659940624144 0.700997295137 0.711359927024 0.763929357358 0.76715907119 0.780713298706 0.809809798652 0.84549244768 0.890289962348 0.907275669901 0.928298585849 0.940971322124 0.947042391306 1.01908882528 1.04730533411 1.08287140545 1.1031157457 1.16701132721 1.1711288457 1.22038394872 1.43278077798
131 1704 0.0214882789565 1.43147263869 0.487210241462 0.487210241462 0.558342518763 0.641213246902 0.661409395519 0.700126701679 0.712726444466 0.758246960514 0.769118722956 0.781127282429 0.808684278418 0.843607019202 0.889465406269 0.908098497059 0.92486364347 0.934596113684 0.955487167933 1.02030261645 1.05812581339 1.08310277023 1.11200292047 1.16954984971 1.17492514763 1.21663032505 1.43147263869
132 1717 0.0202994860278 1.42437604187 0.484860112322 0.484860112322 0.557099980557 0.639297220656 0.661376574275 0.700552423993 0.711337151231 0.756167224809 0.767065582552 0.777500358676 0.813856155997 0.847327652915 0.879507423722 0.90507630013 0.925560778425 0.932520114612 0.956085151479 1.02424802921 1.0670240715 1.08956002393 1.11525296602 1.16839326446 1.17642152647 1.21560200906 1.42437604187
133 1730 0.019352947317 1.43240118197 0.479445234575 0.479445234575 0.553506208943 0.636811189891 0.657521300726 0.69847335199 0.71261020709 0.752929990221 0.765292831722 0.776566836353 0.815926317083 0.84565758232 0.876662988687 0.906534397274 0.926351739025 0.934504872289 0.954728239207 1.01620982449 1.06564875395 1.08543678715 1.11748819812 1.15767856583 1.17494406381 1.21429697267 1.43240118197
134 1743 0.0183801292805 1.43565578719 0.476904098607 0.476904098607 0.553639044261 0.63726166077 0.648147860444 0.699084010252 0.71428040021 0.751643792921 0.763782687503 0.775724687216 0.815718948176 0.849427497948 0.871650000724 0.902500257943 0.92341439579 0.937089990411 0.953622183978 1.0128969826 1.06995862774 1.07799029127 1.11785005535 1.1565557699 1.1759251244 1.21178931163 1.43565578719
135 1756 0.0177133671111 1.43197359582 0.469605850425 0.469605850425 0.555912819542 0.634152308709 0.646710698775 0.701458906828 0.712652096939 0.748950790581 0.763363271511 0.773726508895 0.809990480948 0.843089465219 0.867352566683 0.900797484687 0.923902957637 0.936650174774 0.952565239497 1.01326868116 1.06860863906 1.07183227345 1.11590129637 1.15821660125 1.17519184784 1.21897186065 1.43197359582
136 1769 0.0173522785439 1.42735811388 0.468878679418 0.468878679418 0.55238502507 0.632614431199 0.638605661127 0.69899850454 0.713515639822 0.745824961061 0.763446511404 0.777190735518 0.806692013488 0.844443232917 0.863068073326 0.898321907114 0.924142197784 0.927428969368 0.949083466404 1.01392455202 1.06537951816 1.07213905816 1.12121521587 1.15713003793 1.17560168721 1.21909218736 1.42735811388
137 1782 0.0170891813062 1.4110271946 0.467281222369 0.467281222369 0.552508639091 0.624801860088 0.63889257666 0.697703840376 0.715417045263 0.743679225303 0.764431951354 0.772512701045 0.802831300379 0.844904239313 0.86765134595 0.898904456851 0.923695610771 0.93046936384 0.95011307301 1.01670438204 1.06253826743 1.06708415171 1.11233552809 1.15526406017 1.17793938178 1.23298947126 1.4110271946
138 1795 0.0166794487245 1.38768591583 0.465087083766 0.465087083766 0.551647317994 0.625815902558 0.630216222306 0.69833698362 0.717284490355 0.741902997617 0.766050139538 0.786673884153 0.806270837619 0.848250189291 0.870490217586 0.896166370025 0.925206644445 0.927616563981 0.94776669358 1.01531031813 1.05687220243 1.06131784904 1.10548380247 1.1555998951 1.17164782609 1.24123898925 1.38768591583
139 1808 0.0163876101271 1.3917180517 0.464955968166 0.464955968166 0.550199366298 0.62407581837 0.631400086946 0.698688763884 0.716135154477 0.742639545053 0.76701031155 0.786874295296 0.80676426525 0.846124622563 0.873157596508 0.892887670372 0.920509817246 0.92292042298 0.947437337497 1.01629019612 1.04954838904 1.06018166391 1.10299414326 1.15478371397 1.17831524305 1.24030737773 1.3917180517
140 1821 0.0155459202846 1.38603091406 0.462792165128 0.462792165128 0.549809445311 0.62352818491 0.630518466566 0.697552871697 0.714087905171 0.73651554497 0.764697054368 0.786073762198 0.803020948097 0.844645055239 0.874207690865 0.888980702887 0.917254037339 0.926280269967 0.953757691912 1.01735489278 1.04632442472 1.06630005686 1.10175011336 1.15656502789 1.17906385181 1.24369834822 1.38603091406
141 1834 0.0153678798627 1.37524186186 0.458947623678 0.458947623678 0.547521587675 0.621153305506 0.630674357796 0.697472526556 0.710683843184 0.735175515025 0.756939476678 0.78402275661 0.800784112855 0.845509220933 0.874419790325 0.889090832744 0.916606444114 0.932972279071 0.948747568341 1.01331398229 1.04368451536 1.06415714595 1.09528628389 1.15793708271 1.18389121288 1.24588786231 1.37524186186
142 1847 0.0153775344902 1.38308842803 0.456595741697 0.456595741697 0.551096970738 0.618144058599 0.629898148664 0.692258744335 0.707517646358 0.740640272737 0.758074936823 0.791963826652 0.794183098184 0.846056352611 0.867497832956 0.884553495911 0.918264743025 0.940259658598 0.954421791795 1.01495020892 1.0407808039 1.06049915123 1.09789542982 1.15437574365 1.18652721942 1.24591705699 1.38308842803
143 1860 0.0151024954496 1.37727452963 0.456936454413 0.456936454413 0.550886702221 0.610908516467 0.627526444045 0.689544863842 0.706937762632 0.73497135824 0.755512160009 0.790463983471 0.796692380683 0.845801162713 0.869271445499 0.886873402934 0.925341798799 0.943395028339 0.95118272234 1.006490657 1.03227271581 1.06140794457 1.11977375717 1.15501042468 1.18763643149 1.24966274419 1.37727452963
144 1873 0.0152788069888 1.37205662784 0.451868083834 0.451868083834 0.552242126211 0.6051878197 0.625753573126 0.688491827395 0.704070049678 0.733239804905 0.754394293636 0.790823772937 0.7973298783 0.845834334261 0.874979185552 0.888723000288 0.919441685059 0.947612627869 0.953969798351 1.00703939261 1.03018039226 1.06443141764 1.12391406239 1.1614857779 1.18765231961 1.24942085209 1.37205662784
145 1886 0.0151241753025 1.38568991035 0.453110175864 0.453110175864 0.54981900833 0.605536160616 0.625565754014 0.686857983157 0.703738838663 0.733246264414 0.75460743269 0.783115920125 0.797834398704 0.852074864412 0.872408435017 0.8911616977 0.917193802626 0.947383377657 0.959595121077 1.00680481521 1.02982019705 1.06416906273 1.12854596068 1.15767359466 1.18863083239 1.26009995367 1.38568991035
146 1899 0.0148997664803 1.3813959617 0.450106751098 0.450106751098 0.547693442507 0.605549889471 0.62681923399 0.686417819219 0.699899093875 0.735739382752 0.751628758276 0.784511953844 0.794134979219 0.847901266748 0.866227965082 0.892669158288 0.912053065251 0.947972134237 0.965057995219 1.00590837481 1.0271356136 1.05920145058 1.12408032633 1.15401164111 1.18895572223 1.26590319863 1.3813959617
147 1912 0.0150798917415 1.38193054982 0.448843181842 0.448843181842 0.544808438237 0.603266550112 0.627572066461 0.683512844115 0.697319493112 0.736696733582 0.750543950679 0.783619084216 0.796664128089 0.850300313348 0.863781130119 0.892379142099 0.907193107676 0.945971513689 0.974292506537 0.996847618067 1.02762998448 1.06018730811 1.12750963884 1.13554215104 1.18909938719 1.27408931102 1.38193054982
148 1925 0.0153715795781 1.39448697118 0.443523356815 0.443523356815 0.540935678908 0.603050866865 0.629455189199 0.685541947753 0.697507452948 0.73296418474 0.74712821123 0.786599411808 0.793101451128 0.849641558491 0.865643306811 0.888560297237 0.903967951496 0.943986076498 0.978612300536 1.00372429858 1.0280362026 1.05322729836 1.12436181193 1.14096101788 1.18567534932 1.27793879439 1.39448697118
149 1938 0.015708532421 1.39711650391 0.442273080766 0.442273080766 0.54079338169 0.601006344116 0.62383950217 0.683649400954 0.69606193259 0.731645934474 0.747909308133 0.780086643841 0.801494618734 0.847182395506 0.865710963297 0.889053947353 0.907801015064 0.941409350727 0.985079442837 0.99808277573 1.0332251583 1.05105482566 1.12120481008 1.14360410409 1.19025708204 1.28857567268 1.39711650391
150 1951 0.0155708033294 1.39717801187 0.440463632358 0.440463632358 0.541060891966 0.600117845289 0.621595121653 0.684620567987 0.694134670649 0.724693876637 0.757043330664 0.777507124839 0.797074614632 0.840644574956 0.867732562085 0.889927408554 0.911507861136 0.944890074671 0.988084605888 1.00206737797 1.02971398195 1.05218748718 1.12236844114 1.14285423252 1.18831972447 1.29527560319 1.39717801187
151 1964 0.0154886794684 1.40143631586 0.435327109815 0.435327109815 0.537645530584 0.600150486838 0.623029089713 0.680749768108 0.690485750385 0.723097718362 0.754752194583 0.774470629941 0.798517175661 0.83829648147 0.866287111286 0.8856179392 0.913687525064 0.939169501994 0.995524633013 1.01096223701 1.03250163241 1.05506108172 1.12204934297 1.1411049293 1.1972688604 1.29647464562 1.40143631586
152 1977 0.0154915388184 1.40675678013 0.432575224737 0.432575224737 0.535268493674 0.599552397105 0.629093784791 0.673635009518 0.686086561172 0.720896773483 0.75412894895 0.769484724577 0.800605275042 0.837487568441 0.864689141081 0.880070183182 0.914089720059 0.947210158767 0.988365144774 1.01018976096 1.03276830207 1.05880272032 1.12365381181 1.14088843484 1.19337239699 1.31131119124 1.40675678013
153 1990 0.0154098243171 1.40473416956 0.432645588223 0.432645588223 0.536265860314 0.596841637037 0.630731333504 0.673045913377 0.68563599261 0.719599679097 0.756580138113 0.767183836512 0.803039092999 0.840811658974 0.85478988037 0.88593423263 0.917416869018 0.943261629811 0.98903265649 1.01631997802 1.03260713032 1.06293852505 1.11210161738 1.13435751372 1.19375520641 1.31052806938 1.40473416956
154 2003 0.0154299025138 1.40089534282 0.42962192378 0.42962192378 0.536130541256 0.598066137055 0.625582067858 0.659791486859 0.68523108396 0.721915966441 0.761060816216 0.768220350827 0.80518694252 0.842333078732 0.850146709904 0.88318070715 0.918672711234 0.946849547059 0.987173015612 1.01362594038 1.0340108155 1.06454848995 1.10924129598 1.13370908349 1.19540227801 1.31803736157 1.40089534282
